n 947
1.44913e-09
0.00227036
0.00227037
0.00227037
0.00227037
4.90653e-09
0.00227037
0.00227037
0.00227037
0.00227037
0.00227037
0.00227037
0.00227037
1.11237e-09
0.00227037
0.00227037
8.3769e-09
0.00227037
0.00227037
1.98378e-09
0.00227037
0.00227037
0.00227036
0.00227037
0.00227036
0.00227037
0.00227037
0.00227037
0.00227036
0.00227037
0.00227037
0.00227037
3.78638e-09
0.00227037
0.00227037
0.00227037
0.00227037
0.00227037
0.00227036
0.00227037
0.00227037
0.00227037
0.00227037
0.00227037
0.00227037
0.00227037
0.00227036
0.00227037
0.00227036
0.00227036
0.00227037
1.43451e-09
0.00227037
0.00227037
1.31969e-09
0.00227037
0.00227037
0.00227036
0.00227037
0.00227037
1.38496e-09
0.00227037
0.00227036
0.00227037
0.00227036
0.00227037
0.00227037
0.00227037
0.00227036
0.00227037
0.00227037
0.00227037
0.00227037
0.00227037
0.00227037
1.88543e-09
0.00227037
2.87416e-09
0.00227037
2.17555e-09
0.00227037
0.00227024
0.00227037
0.00227037
1.48571e-09
1.22755e-09
0.00227036
0.00227037
0.00227037
0.00227037
0.00227037
1.09619e-09
0.00227037
0.00227037
0.00227037
0.00227037
0.00227037
1.51049e-09
1.66257e-09
0.00227037
0.00227037
0.00227037
1.53272e-08
0.00227037
0.00227037
2.3128e-09
1.98731e-08
0.00227037
0.00227037
0.00227037
0.00227037
0.00227037
0.00227037
0.00227037
0.00227037
0.00227037
0.00227037
0.00227036
4.90653e-09
0.00227037
0.00227037
0.00227037
0.00227037
0.00227037
0.00227037
0.00227037
0.00227037
0.00227037
1.41269e-09
0.00227035
0.00227037
1.22165e-09
0.00227037
0.00227037
0.00227037
0.00227037
0.00227037
1.08022e-09
3.22024e-09
0.00227037
0.00227037
0.00227037
0.00227037
0.00227037
1.9032e-09
1.46867e-09
0.00227037
0.00227037
0.00227036
0.00227037
0.00227027
0.00227037
0.00227037
0.00227037
0.00227037
0.00227037
0.00227037
0.00227037
0.00227037
0.00227037
2.16109e-09
0.00227037
0.00227037
0.00227037
0.00227037
0.00227037
0.00227037
9.22274e-08
3.00596e-09
0.00227037
0.00227037
0.00227037
0.00227037
1.13416e-09
0.00227037
0.00227037
0.00227037
0.00227037
1.28533e-08
0.00227037
0.00227037
0.00227037
0.00227037
0.00227037
0.00227037
0.00227037
0.00227037
0.00227037
0.00227037
0.00227037
1.4183e-09
0.00227037
0.00227037
0.00227037
1.21512e-09
0.00227037
0.00227037
0.00227037
8.12764e-09
0.00227037
2.6117e-09
0.00227037
0.00227037
0.00227037
0.00227037
0.00227037
0.00227037
0.00227037
0.00227037
0.00227037
0.00227037
0.00227037
0.00227036
0.00227037
0.00227037
0.00227037
0.00227037
0.00227037
0.00227037
0.00227037
0.00227037
0.00227037
0.00227037
0.00227037
0.00227037
0.00227037
0.00227037
0.00227037
0.00227037
0.00227037
0.00227037
0.00227036
0.00227037
0.00227037
0.00227037
0.00227037
0.00227037
0.00227037
0.00227037
0.00227037
4.5683e-09
0.00227037
0.00227037
0.00227036
0.00227037
0.00227037
1.84001e-09
0.00227037
0.00227037
0.00227037
0.00227037
0.00227037
0.00227037
0.00227037
1.66905e-08
0.00227037
0.00227037
0.00227037
0.00227037
0.00227037
0.00227037
6.14966e-09
0.00227037
0.00227037
0.00227037
0.00103754
0.00227037
8.28276e-08
0.00227037
5.76941e-09
0.00227037
0.00227037
0.00227037
0.00227037
0.00227037
0.00227037
0.00227037
0.00227037
0.00227037
0.00227037
0.00227036
0.00227037
0.00227037
0.00227037
0.00227037
0.00227037
0.00227037
0.00227037
0.00227037
0.00227037
0.00227037
0.00227037
0.00227037
0.00227037
1.02098e-09
0.00227037
0.00227037
0.00227037
0.00227036
0.00227037
0.00227037
0.00227037
0.00227037
0.00227037
0.00227037
0.00227033
0.00227037
0.00227037
6.5366e-09
0.00227037
0.00227037
0.00227037
0.00227037
0.00227037
0.00227037
0.00227037
0.00227037
1.61317e-09
0.00227037
2.84914e-09
1.33112e-09
0.00227037
0.00227037
0.00227037
0.00227037
0.00227037
0.00227037
0.00227037
0.00227037
0.00227037
0.00227037
0.00227037
0.00227037
0.00227037
0.00227037
1.01751e-09
0.00227037
0.00227037
0.00227036
0.00227037
0.00227037
0.00227037
0.00227037
0.00227037
0.00227037
0.00227037
0.00227037
0.00227037
0.00227037
0.00227037
1.60567e-09
0.00227033
0.00227037
0.00227037
0.00227037
0.00227037
0.00227037
1.43609e-09
0.00227037
2.01424e-09
0.00227037
2.08771e-09
0.00227037
0.00227037
4.37081e-09
0.00227037
0.00227037
0.00227037
1.38538e-09
0.00227037
1.2568e-09
1.87638e-09
0.00227037
0.00227037
0.00227037
0.00227037
1.66249e-09
0.00227037
0.00227037
0.00227037
5.83488e-09
0.00227037
0.00227037
0.00227037
0.00227037
0.00227037
1.05529e-08
0.00227037
0.00227037
1.62754e-09
0.00227037
0.00227037
0.00227037
1.22054e-09
0.00227037
0.00227037
2.58468e-09
0.00227037
0.00227037
0.00227037
0.00227037
0.00227037
0.00227037
4.64994e-09
0.00227037
0.00227037
0.00227037
0.00227037
0.00227037
1.07882e-09
0.00227037
0.00227037
0.00227036
0.00227037
0.00227037
0.00227037
3.49939e-09
0.00227037
0.00227037
0.00227037
1.25103e-09
0.00227037
0.00227037
0.00227037
0.00227037
0.00227037
2.50408e-09
0.00227037
6.59628e-09
0.00227037
0.00227037
0.00227037
0.00227037
0.00227037
0.00227037
0.00227037
0.00227037
1.06062e-09
0.00227037
0.00227037
0.00227037
0.00227037
0.00227037
5.19048e-09
0.00227037
0.00227037
0.00227037
0.00227037
0.00227036
0.00227037
0.00227036
5.23128e-09
1.25133e-09
0.00227037
0.00227036
0.00227037
0.00227037
0.00227037
1.51368e-08
0.00227037
0.00227037
0.00227037
0.00227036
0.00227037
0.00227037
0.00227037
2.85487e-09
0.00227037
1.51789e-09
0.00227037
0.00227037
0.00227037
2.21187e-09
0.00227037
1.00028e-09
0.00227035
0.00227037
1.67169e-09
0.00227037
0.00227037
0.00227031
0.00227037
0.00227037
0.00227037
0.00227037
0.00227037
0.00227037
0.00227037
0.00227037
0.00227037
0.00227037
0.00227037
0.00227037
0.00227036
0.00227037
0.00227037
0.00227037
1.19057e-09
1.11914e-09
0.00227037
0.00227036
0.00227037
0.00227037
0.00227037
0.00227037
0.00227037
1.04818e-09
0.00227037
0.00227037
0.00227037
0.00227037
0.00227037
0.00227037
0.00227037
0.00227037
1.14483e-09
0.00227037
0.00227037
0.00227037
0.00227037
0.00227037
0.00227037
0.00227037
