n 100 
matrix
 6.53965 -1.51464 0.347493 1.95409 -2.49333
 0.397772 0.428308 7.13977 -1.59612 5.86318
 -0.793076 2.8376 -1.08392 -1.23333 1.14314
 3.54249 0.0833492 1.06387 -2.29944 2.41603
 1.40977 2.39174 2.00004 -2.44098 0.495676
 0.0689386 2.74447 3.25825 1.33135 -2.96923
 -0.0936536 -1.68504 -3.3497 1.56738 -2.01687
 -1.05405 2.3384 -3.40892 3.47533 4.37645
 -2.44586 -4.26351 1.34318 4.33275 3.06442
 2.14728 2.74779 1.98787 0.94968 -1.19805
 4.54103 0.123167 1.59774 -0.705801 1.36312
 -0.744378 2.94139 0.924365 -0.438269 -3.79965
 -1.88264 0.432424 0.403914 -1.69909 0.0319925
 -1.11359 -2.75955 -0.941561 -0.675873 -1.16928
 -0.617856 1.33677 -0.651664 -0.577914 -1.93397
 3.33978 -2.60505 1.3572 -1.89841 -4.11477
 1.51762 0.709772 -4.23594 1.39367 -0.930256
 0.508436 0.145772 1.58276 1.61518 -1.33066
 0.867546 0.278731 -4.8793 -4.14257 -0.203253
 -2.83808 -1.41318 -1.89185 -3.06902 2.41355

 -1.51464 0.386601 -0.103485 -0.439396 0.586769
 -0.189119 -0.0762224 -1.73621 0.432906 -1.43006
 0.215467 -0.724147 0.279062 0.297255 -0.281813
 -0.847453 -0.0185505 -0.310978 0.694878 -0.546697
 -0.405326 -0.615967 -0.472381 0.557887 -0.0655405
 -0.0083398 -0.641188 -0.753247 -0.365193 0.6581
 -0.0252567 0.449059 0.861681 -0.429746 0.510105
 0.237261 -0.584137 0.879701 -0.826071 -1.06142
 0.64313 1.08115 -0.349728 -1.08888 -0.761463
 -0.567615 -0.710609 -0.621027 -0.180367 0.286449
 -1.04542 -0.0669628 -0.433585 0.189294 -0.407874
 0.209687 -0.709963 -0.24049 0.104005 0.944953
 0.411046 -0.127092 -0.0856548 0.427845 0.0942152
 0.280355 0.753006 0.240948 0.170249 0.336769
 0.109271 -0.307827 0.144995 0.156774 0.405991
 -0.861832 0.646923 -0.29896 0.536392 0.982702
 -0.349641 -0.173069 1.06905 -0.276134 0.286371
 -0.112369 0.00146498 -0.383168 -0.333485 0.247179
 -0.183733 -0.145184 1.1184 1.02204 0.117553
 0.758158 0.336 0.508275 0.738466 -0.573495

 0.347493 -0.103485 0.126733 0.0584633 0.0449763
 0.142389 -0.0311716 0.497022 -0.105445 0.199819
 0.154988 -0.0243685 0.0270704 -0.163913 -0.0170603
 0.481912 0.0827085 0.223561 -0.00764627 0.149872
 0.127043 0.00235182 -0.103516 -0.00619253 -0.104791
 0.23395 0.0703674 0.0328591 0.28152 0.0784784
 -0.437118 0.128689 -0.315093 -0.201422 -0.172777
 0.0593797 0.0285124 -0.40304 -0.0272499 -0.0195067
 -0.102421 -0.121733 0.217924 0.24216 0.226055
 -0.00832592 0.360316 0.221401 -0.0217209 0.161986
 0.180623 0.397345 0.232289 -0.298481 0.168155
 0.00903732 0.188718 -0.128571 0.167903 -0.0839593
 -0.0445746 -0.199999 -0.121871 -0.165585 -0.156809
 -0.115215 -0.0953384 -0.140882 0.0070973 -0.0257018
 0.000689305 0.0931914 -0.214545 -0.113472 -0.209409
 0.248765 -0.205313 -0.0869378 0.252158 -0.009376
 0.0942528 -0.201023 -0.305518 -0.11052 -0.131789
 0.0285617 0.135552 0.124244 -0.0564289 0.025124
 0.00548201 -0.104789 -0.293114 -0.141382 0.18853
 0.0601075 0.0271125 -0.0635089 -0.0660434 0.0595925

 1.95409 -0.439396 0.0584633 0.614967 -0.829224
 0.0673318 0.183571 2.10278 -0.500914 1.82067
 -0.315676 0.935376 -0.360582 -0.342244 0.37489
 0.921743 -0.022908 0.23626 -0.792801 0.716335
 0.443433 0.802452 0.719954 -0.789376 0.204538
 -0.0784783 0.84687 1.05059 0.294623 -1.01552
 0.169804 -0.62512 -0.940574 0.601432 -0.57667
 -0.346456 0.758197 -0.949847 1.16168 1.45763
 -0.777031 -1.33415 0.334032 1.32149 0.913487
 0.72047 0.731456 0.539256 0.312593 -0.463531
 1.38697 -0.134457 0.420841 -0.0880342 0.392158
 -0.245573 0.879454 0.36215 -0.219681 -1.20936
 -0.597746 0.221531 0.1922 -0.487841 0.0553279
 -0.299394 -0.881629 -0.24493 -0.234077 -0.363917
 -0.199082 0.379035 -0.125731 -0.156543 -0.516966
 0.992856 -0.764724 0.492394 -0.74379 -1.34872
 0.456031 0.332626 -1.24526 0.493168 -0.229063
 0.168937 -0.00401974 0.429393 0.546761 -0.438185
 0.300842 0.169757 -1.44519 -1.28543 -0.1824
 -0.985278 -0.484985 -0.58326 -0.956497 0.769534

 -2.49333 0.586769 0.0449763 -0.829224 1.34646
 -0.0600637 -0.272855 -2.65392 0.729969 -2.63137
 0.759077 -1.58079 0.640498 0.303548 -0.617541
 -0.766653 0.150164 -0.168858 1.48664 -0.870287
 -0.630005 -1.34279 -1.26835 1.17972 -0.382309
 0.476551 -1.21315 -1.5591 -0.153381 1.60993
 -0.969389 1.24472 1.13904 -1.31693 0.717549
 0.60594 -1.19453 1.03741 -1.8553 -2.34139
 1.1814 2.0346 -0.270163 -1.82766 -1.15881
 -1.23811 -0.725986 -0.79316 -0.427046 0.944256
 -1.8598 0.711178 -0.413772 -0.245696 -0.516863
 0.458024 -1.12935 -0.791113 0.575805 1.83391
 0.806143 -0.678679 -0.466407 0.568912 -0.14162
 0.32338 1.41353 0.207219 0.376705 0.643716
 0.246417 -0.437443 -0.133061 0.118459 0.410941
 -1.31623 0.952119 -0.844926 1.66409 2.10731
 -0.555505 -0.805141 1.622 -0.823974 0.289463
 -0.20376 0.261025 -0.514125 -0.864863 0.58938
 -0.420132 -0.554953 1.76178 1.88809 0.675252
 1.77005 0.794399 0.932237 1.42175 -1.1166

 0.397772 -0.189119 0.142389 0.0673318 -0.0600637
 0.341933 -0.041347 0.706791 -0.262125 0.453109
 0.0078487 0.21881 -0.073407 -0.177564 0.068512
 0.471179 0.0459452 0.30881 -0.458139 0.118994
 0.319725 0.20547 0.00367461 -0.0556784 -0.179795
 0.147722 0.119382 0.106045 0.345182 0.0344211
 -0.1783 -0.102724 -0.49419 0.0779538 -0.256355
 0.0377506 0.179644 -0.565995 0.125695 0.222432
 -0.312252 -0.411324 0.266926 0.475124 0.363722
 0.218415 0.493237 0.571394 -0.0683743 0.0406472
 0.21569 0.35803 0.356487 -0.271739 0.372243
 -0.0937971 0.265848 -0.00279875 0.0842748 -0.321779
 -0.0234748 -0.0641568 -0.0997746 -0.237599 -0.358636
 -0.162811 -0.409258 -0.175549 -0.0652483 -0.192152
 0.0613889 0.0960416 -0.156481 -0.145639 -0.0923521
 0.468144 -0.310639 -0.0494131 -0.121472 -0.184867
 0.104108 -0.0825636 -0.519828 -0.137439 -0.269664
 0.0274721 0.0102357 0.149493 -0.113112 0.113605
 -0.00865334 0.13264 -0.303721 -0.333154 -0.0532812
 -0.279657 -0.0457291 -0.24672 -0.181341 0.139957

 0.428308 -0.0762224 -0.0311716 0.183571 -0.272855
 -0.041347 0.149791 0.462571 -0.185539 0.488349
 -0.125924 0.299537 -0.110931 -0.0781845 0.110642
 0.0580629 -0.0726733 -0.0456414 -0.353959 0.16122
 0.191516 0.311541 0.333689 -0.242761 0.103501
 -0.106105 0.199592 0.32831 -0.0588226 -0.390193
 0.227924 -0.288861 -0.141466 0.25915 -0.107433
 -0.0743235 0.251946 -0.189966 0.423487 0.523972
 -0.269678 -0.361451 -0.00241736 0.36539 0.235042
 0.270647 0.0725914 0.0404402 0.0936773 -0.211581
 0.337453 -0.190523 0.0439965 0.114087 0.109785
 -0.0785708 0.218686 0.16939 -0.134513 -0.366803
 -0.185863 0.119815 0.126983 -0.107567 0.024012
 -0.0199458 -0.29269 -0.02592 -0.103432 -0.0841158
 -0.056154 0.0435454 0.0202471 -0.053969 -0.0385112
 0.246049 -0.175368 0.22388 -0.352101 -0.450978
 0.117416 0.212772 -0.271956 0.174382 0.0246479
 0.0857996 -0.0243023 0.00454785 0.191612 -0.136019
 0.153712 0.167874 -0.307615 -0.34645 -0.204485
 -0.415227 -0.194984 -0.140974 -0.240533 0.246847

 7.13977 -1.73621 0.497022 2.10278 -2.65392
 0.706791 0.462571 8.09984 -1.98038 6.53578
 -0.791043 3.1592 -1.19166 -1.46901 1.22846
 4.08086 0.104937 1.3835 -2.92814 2.64433
 1.85606 2.7628 2.17715 -2.59071 0.364987
 0.198172 2.95214 3.5093 1.67021 -3.10318
 -0.251791 -1.89709 -3.91979 1.68455 -2.353
 -1.02075 2.63809 -4.13152 3.79692 4.83039
 -2.91642 -4.82013 1.6227 5.00866 3.55022
 2.48689 3.28213 2.55968 0.893703 -1.2004
 4.91916 0.453891 1.97553 -0.958602 1.80627
 -0.875326 3.33688 0.979287 -0.368132 -4.26422
 -1.99885 0.377077 0.373071 -2.00549 -0.328871
 -1.27386 -3.30611 -1.13959 -0.766718 -1.39287
 -0.575758 1.43202 -0.826824 -0.785861 -2.0525
 3.934 -3.01159 1.4016 -2.10772 -4.50241
 1.68211 0.687562 -4.898 1.29159 -1.18227
 0.590939 0.191377 1.71723 1.61903 -1.25344
 0.960069 0.490334 -5.31769 -4.65648 -0.337195
 -3.30544 -1.54415 -2.19954 -3.34908 2.67652

 -1.59612 0.432906 -0.105445 -0.500914 0.729969
 -0.262125 -0.185539 -1.98038 0.67464 -1.72859
 0.314351 -0.962282 0.366979 0.346757 -0.332358
 -0.771052 0.0615242 -0.327369 1.21706 -0.587146
 -0.690985 -0.935727 -0.74713 0.650208 -0.0718086
 0.102236 -0.701481 -0.912875 -0.328372 0.85267
 -0.29368 0.74431 0.960821 -0.665544 0.597911
 0.218082 -0.791308 1.08343 -1.11947 -1.4461
 0.94404 1.35896 -0.341054 -1.39427 -0.932172
 -0.848066 -0.750875 -0.790522 -0.13585 0.416226
 -1.14054 0.0425886 -0.488681 0.0886956 -0.612822
 0.310449 -0.842989 -0.400132 0.193628 1.20355
 0.468827 -0.241311 -0.198264 0.515647 0.243438
 0.256822 1.09795 0.256228 0.24583 0.459938
 0.0762046 -0.254877 0.0964641 0.249565 0.266626
 -1.08777 0.767545 -0.430496 0.907883 1.27838
 -0.388911 -0.348328 1.26763 -0.273382 0.310229
 -0.180725 0.0565815 -0.305327 -0.405362 0.197501
 -0.296181 -0.448394 1.13846 1.27229 0.43766
 1.2055 0.478081 0.659617 0.851504 -0.730677

 5.86318 -1.43006 0.199819 1.82067 -2.63137
 0.453109 0.488349 6.53578 -1.72859 5.80588
 -1.18475 3.15676 -1.23881 -0.998026 1.21722
 2.66601 -0.116749 0.854772 -3.04446 2.10997
 1.57851 2.73439 2.33805 -2.41178 0.532796
 -0.427337 2.62298 3.24349 0.958599 -3.09143
 0.964884 -2.23495 -3.03967 2.21535 -1.85331
 -1.09123 2.49315 -3.03713 3.70742 4.7147
 -2.63655 -4.41534 1.05048 4.27215 2.87925
 2.49897 2.30861 2.12189 0.818803 -1.54844
 4.19164 -0.528687 1.37951 -0.18804 1.44265
 -0.908878 2.72891 1.31039 -0.785672 -3.92333
 -1.74028 0.917106 0.664107 -1.539 -0.0788986
 -0.922255 -3.09598 -0.747496 -0.752952 -1.36573
 -0.49909 1.10429 -0.226555 -0.504347 -1.31484
 3.25085 -2.40925 1.5177 -2.80432 -4.3028
 1.34618 1.17481 -3.99994 1.41964 -0.890022
 0.482504 -0.21832 1.32734 1.62108 -1.14098
 0.866759 0.889598 -4.25552 -4.15809 -0.941458
 -3.46175 -1.55359 -2.03874 -3.03726 2.40638

 -0.793076 0.215467 0.154988 -0.315676 0.759077
 0.0078487 -0.125924 -0.791043 0.314351 -1.18475
 0.662481 -0.949417 0.412352 -0.0615832 -0.365334
 0.232653 0.18617 0.107488 0.994029 -0.213542
 -0.249785 -0.771614 -0.776715 0.574566 -0.25749
 0.587228 -0.536844 -0.744245 0.207736 0.866943
 -1.19098 0.905405 0.287263 -1.07011 0.190084
 0.389695 -0.62785 0.097681 -1.0044 -1.28504
 0.565963 1.02984 0.0920266 -0.720157 -0.355009
 -0.749299 0.00275877 -0.377122 -0.180648 0.71716
 -0.692375 0.860301 0.00716378 -0.492546 -0.171355
 0.303977 -0.352605 -0.62967 0.538105 0.917895
 0.302151 -0.682422 -0.390318 0.11227 -0.136408
 0.0377369 0.770065 -0.0585118 0.212949 0.408523
 0.0768433 -0.0995277 -0.383118 -0.0713532 -0.153048
 -0.46904 0.270771 -0.511724 1.36094 1.10435
 -0.142797 -0.695817 0.542221 -0.502839 0.0901005
 -0.0436364 0.391055 -0.137549 -0.44925 0.236021
 -0.154948 -0.551917 0.474411 0.865936 0.714281
 1.13184 0.451498 0.507596 0.680521 -0.498941

 2.8376 -0.724147 -0.0243685 0.935376 -1.58079
 0.21881 0.299537 3.1592 -0.962282 3.15676
 -0.949417 1.95585 -0.793624 -0.361557 0.743935
 0.861703 -0.19482 0.275841 -2.03859 0.96663
 0.87803 1.68359 1.50928 -1.35291 0.369664
 -0.597271 1.39943 1.80667 0.233509 -1.83454
 1.27372 -1.57836 -1.4246 1.67544 -0.880282
 -0.683766 1.46104 -1.31911 2.20558 2.81883
 -1.50525 -2.51422 0.351603 2.24953 1.41811
 1.57351 0.925914 1.16936 0.423244 -1.13248
 2.1194 -0.811485 0.563876 0.284569 0.755294
 -0.595794 1.33958 0.985752 -0.698876 -2.2379
 -0.889573 0.859269 0.547212 -0.705035 -0.00583053
 -0.387068 -1.84586 -0.262305 -0.465666 -0.857423
 -0.227634 0.485128 0.187571 -0.175172 -0.359833
 1.66393 -1.16184 0.970106 -2.1433 -2.50619
 0.629657 0.981802 -1.99696 0.884276 -0.432368
 0.233677 -0.378028 0.593481 0.936816 -0.57821
 0.465477 0.820466 -1.98018 -2.28219 -0.954134
 -2.2591 -0.950889 -1.19437 -1.67974 1.31885

 -1.08392 0.279062 0.0270704 -0.360582 0.640498
 -0.073407 -0.110931 -1.19166 0.366979 -1.23881
 0.412352 -0.793624 0.326867 0.114277 -0.302017
 -0.273133 0.0867826 -0.087064 0.818771 -0.363237
 -0.326238 -0.674343 -0.614077 0.538899 -0.161283
 0.28097 -0.554704 -0.715808 -0.0590787 0.737805
 -0.586578 0.653914 0.531035 -0.709883 0.330249
 0.290013 -0.581545 0.465902 -0.883672 -1.12859
 0.586038 0.997756 -0.112104 -0.864209 -0.53033
 -0.63405 -0.319952 -0.454052 -0.167549 0.478214
 -0.821786 0.387229 -0.192238 -0.156804 -0.278027
 0.244957 -0.506716 -0.418585 0.306501 0.884434
 0.343749 -0.383933 -0.237675 0.256274 -0.0212353
 0.139882 0.728866 0.0832839 0.182613 0.34976
 0.0881498 -0.182496 -0.115241 0.0486883 0.108447
 -0.630229 0.433792 -0.39542 0.90568 1.00087
 -0.233704 -0.421643 0.757864 -0.368243 0.164711
 -0.0825748 0.180549 -0.229758 -0.383128 0.228671
 -0.175557 -0.345797 0.744948 0.898954 0.411844
 0.914494 0.381878 0.478205 0.668396 -0.515714

 -1.23333 0.297255 -0.163913 -0.342244 0.303548
 -0.177564 -0.0781845 -1.46901 0.346757 -0.998026
 -0.0615832 -0.361557 0.114277 0.350827 -0.139466
 -0.943249 -0.0747855 -0.333094 0.350633 -0.479931
 -0.358982 -0.35036 -0.210651 0.352892 0.026253
 -0.248539 -0.429959 -0.493667 -0.427775 0.36717
 0.449176 0.118564 0.7472 -0.00943128 0.43835
 0.0628531 -0.360531 0.878666 -0.479669 -0.61372
 0.45823 0.692481 -0.380952 -0.849228 -0.660798
 -0.300037 -0.718846 -0.442014 -0.119555 0.0161662
 -0.797484 -0.404804 -0.444183 0.372865 -0.365674
 0.0866681 -0.598378 0.00260257 -0.102055 0.617805
 0.320349 0.157195 0.0577066 0.403167 0.160627
 0.256291 0.482274 0.271849 0.106093 0.163053
 0.0878234 -0.263356 0.317426 0.21123 0.468114
 -0.70986 0.564821 -0.129062 0.0116459 0.592196
 -0.312356 0.0811735 0.876795 -0.087765 0.222858
 -0.124081 -0.174235 -0.298347 -0.1696 0.173284
 -0.161931 0.0464412 0.96285 0.700318 -0.136482
 0.360211 0.186329 0.301982 0.471849 -0.408811

 1.14314 -0.281813 -0.0170603 0.37489 -0.617541
 0.068512 0.110642 1.22846 -0.332358 1.21722
 -0.365334 0.743935 -0.302017 -0.139466 0.298573
 0.36516 -0.0661314 0.0918135 -0.704757 0.380569
 0.29207 0.607599 0.555694 -0.538594 0.151789
 -0.215247 0.553703 0.705439 0.0923222 -0.716181
 0.459496 -0.576613 -0.550815 0.634893 -0.330671
 -0.282467 0.547913 -0.482439 0.836833 1.06733
 -0.539933 -0.957203 0.139075 0.843419 0.542072
 0.575455 0.366121 0.421773 0.19634 -0.443485
 0.843272 -0.312302 0.217434 0.100125 0.256839
 -0.214698 0.513549 0.362991 -0.271256 -0.860046
 -0.355416 0.321198 0.193547 -0.266009 0.0342965
 -0.166027 -0.668334 -0.104085 -0.183561 -0.311537
 -0.104803 0.2137 0.0607736 -0.0477215 -0.185507
 0.624028 -0.445087 0.374828 -0.791534 -0.957038
 0.252431 0.368875 -0.76414 0.373707 -0.160884
 0.0842876 -0.140327 0.253306 0.360171 -0.261359
 0.169641 0.260347 -0.813399 -0.863886 -0.313705
 -0.81818 -0.359428 -0.443261 -0.657333 0.50511

 3.54249 -0.847453 0.481912 0.921743 -0.766653
 0.471179 0.0580629 4.08086 -0.771052 2.66601
 0.232653 0.861703 -0.273133 -0.943249 0.36516
 2.83715 0.313237 1.00231 -0.535856 1.37228
 0.740636 0.728481 0.350268 -0.940492 -0.0835677
 0.798016 1.23512 1.2892 1.31737 -0.863669
 -1.52887 -0.0765408 -2.12477 -0.167039 -1.2259
 -0.242558 0.867755 -2.36981 1.11809 1.42508
 -1.05849 -1.79821 1.13498 2.19885 1.7472
 0.61921 2.06373 1.20301 0.372185 0.0760565
 2.25666 1.26894 1.24082 -1.19024 0.862887
 -0.184123 1.62391 -0.134781 0.382573 -1.56059
 -0.863024 -0.524663 -0.261156 -1.08662 -0.314138
 -0.785353 -1.09255 -0.770844 -0.21376 -0.404959
 -0.276005 0.824221 -0.933588 -0.505386 -1.49457
 1.85648 -1.53037 0.233011 0.280643 -1.45827
 0.863067 -0.407222 -2.39584 0.252939 -0.678583
 0.26457 0.526811 0.993822 0.450216 -0.524365
 0.334004 -0.421803 -2.78025 -1.85426 0.702064
 -0.634296 -0.394938 -0.784495 -1.31271 1.03808

 0.0833492 -0.0185505 0.0827085 -0.022908 0.150164
 0.0459452 -0.0726733 0.104937 0.0615242 -0.116749
 0.18617 -0.19482 0.0867826 -0.0747855 -0.0661314
 0.313237 0.0944263 0.128338 0.28834 0.0508075
 -0.0622345 -0.188848 -0.226288 0.0860165 -0.0798928
 0.223021 -0.0329578 -0.112756 0.186149 0.197469
 -0.455991 0.268616 -0.106041 -0.30728 -0.0475682
 0.060726 -0.119926 -0.136752 -0.218485 -0.277419
 0.107894 0.138658 0.128715 -0.0495843 0.0216552
 -0.180938 0.175665 0.0162628 -0.0157483 0.208712
 -0.00168722 0.339567 0.101271 -0.246834 -0.00389202
 0.0690126 0.0217365 -0.189634 0.180823 0.142719
 0.0256074 -0.217772 -0.140823 -0.0458596 -0.0376787
 -0.0668195 0.153558 -0.0759302 0.0567597 0.070406
 -0.00318481 0.0580044 -0.169206 -0.0353011 -0.181477
 0.00191262 -0.0387148 -0.144594 0.41182 0.210294
 0.0223084 -0.243345 -0.0396254 -0.110082 -0.0537738
 -0.0142186 0.13478 0.0832744 -0.0912757 0.0203166
 -0.0502433 -0.224225 -0.103258 0.0942004 0.292236
 0.307937 0.111864 0.0695539 0.0693859 -0.0727228

 1.06387 -0.310978 0.223561 0.23626 -0.168858
 0.30881 -0.0456414 1.3835 -0.327369 0.854772
 0.107488 0.275841 -0.087064 -0.333094 0.0918135
 1.00231 0.128338 0.466239 -0.330585 0.413704
 0.344381 0.260507 0.0371083 -0.218789 -0.136099
 0.312682 0.355319 0.329553 0.559082 -0.121948
 -0.566156 -0.0149761 -0.806376 -0.0831259 -0.457782
 -0.0208968 0.280094 -0.922636 0.281761 0.389755
 -0.412232 -0.625426 0.452465 0.780479 0.612189
 0.23245 0.795638 0.622363 0.0178747 0.111578
 0.650761 0.583851 0.50618 -0.496173 0.416683
 -0.0898781 0.54199 -0.0705802 0.192878 -0.498974
 -0.203164 -0.204861 -0.135307 -0.401106 -0.281519
 -0.279196 -0.459077 -0.294098 -0.0503027 -0.202197
 -0.0236459 0.24881 -0.336098 -0.217147 -0.428642
 0.70085 -0.54287 -0.0186056 0.101808 -0.397332
 0.257149 -0.212234 -0.867244 -0.0665016 -0.333147
 0.0698557 0.163634 0.341951 0.0421961 -0.0295191
 0.0596136 -0.0644208 -0.823988 -0.621184 0.194473
 -0.240231 -0.0884598 -0.320693 -0.395471 0.302914

 -2.29944 0.694878 -0.00764627 -0.792801 1.48664
 -0.458139 -0.353959 -2.92814 1.21706 -3.04446
 0.994029 -2.03859 0.818771 0.350633 -0.704757
 -0.535856 0.28834 -0.330585 2.70218 -0.763113
 -1.24258 -1.91745 -1.61932 1.18767 -0.214904
 0.692345 -1.19222 -1.6527 -0.197762 1.68586
 -1.58392 1.82426 1.39024 -1.85478 0.873791
 0.511275 -1.53513 1.44098 -2.21541 -2.88992
 1.75937 2.56726 -0.307416 -2.34868 -1.43649
 -1.79632 -0.883078 -1.4684 -0.197818 1.13827
 -1.76794 0.800236 -0.619188 -0.373659 -1.05275
 0.692711 -1.27219 -1.09145 0.727362 2.26798
 0.726395 -0.9433 -0.597171 0.724332 0.403544
 0.29829 2.18002 0.249171 0.511643 0.988645
 0.0658539 -0.291099 -0.270731 0.294111 -0.0435788
 -1.78321 1.14727 -0.940567 2.49094 2.471
 -0.534083 -1.08916 1.99205 -0.626492 0.500308
 -0.264946 0.48367 -0.371572 -0.761907 0.268526
 -0.486931 -1.2744 1.5218 2.26514 1.40069
 2.6525 0.981481 1.29718 1.53724 -1.28717

 2.41603 -0.546697 0.149872 0.716335 -0.870287
 0.118994 0.16122 2.64433 -0.587146 2.10997
 -0.213542 0.96663 -0.363237 -0.479931 0.380569
 1.37228 0.0508075 0.413704 -0.763113 0.922116
 0.517743 0.847159 0.709953 -0.871454 0.181576
 0.0875203 0.995493 1.1745 0.517122 -1.05981
 -0.182252 -0.543647 -1.23043 0.451364 -0.756665
 -0.354606 0.830702 -1.29994 1.23617 1.54423
 -0.885527 -1.50175 0.512971 1.58398 1.12749
 0.738352 1.02446 0.67455 0.336099 -0.365833
 1.67201 0.134146 0.588924 -0.31605 0.492031
 -0.251476 1.09633 0.286333 -0.098001 -1.33743
 -0.699432 0.0810172 0.133781 -0.63683 0.0195145
 -0.405036 -0.961986 -0.359888 -0.222574 -0.392921
 -0.232403 0.485307 -0.290953 -0.240148 -0.75597
 1.21393 -0.963118 0.473656 -0.552797 -1.46575
 0.56712 0.193571 -1.55035 0.474357 -0.324591
 0.198889 0.119075 0.574079 0.606325 -0.483747
 0.338528 0.0479887 -1.80668 -1.5013 -0.00110345
 -0.964874 -0.496286 -0.659725 -1.0971 0.877811

 1.40977 -0.405326 0.127043 0.443433 -0.630005
 0.319725 0.191516 1.85606 -0.690985 1.57851
 -0.249785 0.87803 -0.326238 -0.358982 0.29207
 0.740636 -0.0622345 0.344381 -1.24258 0.517743
 0.743099 0.892147 0.67946 -0.55968 0.00702237
 -0.0478628 0.597147 0.801467 0.344634 -0.730573
 0.218935 -0.693006 -0.928588 0.589243 -0.572971
 -0.137705 0.737651 -1.1025 1.01143 1.32127
 -0.93185 -1.25933 0.344663 1.33884 0.906622
 0.81135 0.755299 0.812384 0.0803156 -0.345907
 0.99395 0.0628097 0.511619 -0.128109 0.660276
 -0.293131 0.792121 0.346336 -0.142137 -1.12
 -0.405517 0.176623 0.154798 -0.511213 -0.348371
 -0.242982 -1.08238 -0.266919 -0.243119 -0.436744
 -0.0357173 0.211887 -0.131238 -0.282219 -0.210892
 1.06821 -0.740148 0.371712 -0.82867 -1.14887
 0.358884 0.295618 -1.21374 0.171175 -0.313846
 0.186142 -0.0338622 0.244811 0.306248 -0.117667
 0.284675 0.474851 -1.00896 -1.16767 -0.44462
 -1.16061 -0.436841 -0.620891 -0.747416 0.672214

 2.39174 -0.615967 0.00235182 0.802452 -1.34279
 0.20547 0.311541 2.7628 -0.935727 2.73439
 -0.771614 1.68359 -0.674343 -0.35036 0.607599
 0.728481 -0.188848 0.260507 -1.91745 0.847159
 0.892147 1.54527 1.37772 -1.14266 0.30312
 -0.500506 1.17433 1.55787 0.19946 -1.59134
 1.07579 -1.40619 -1.23435 1.40954 -0.79083
 -0.521696 1.29862 -1.24985 1.9483 2.48735
 -1.40502 -2.17751 0.304114 2.02478 1.27003
 1.41596 0.803402 1.02187 0.308597 -0.941559
 1.80021 -0.649786 0.502119 0.240252 0.738199
 -0.530969 1.19376 0.857775 -0.571702 -1.94258
 -0.769732 0.706013 0.501232 -0.643934 -0.0916986
 -0.302613 -1.67972 -0.238095 -0.405255 -0.748327
 -0.17081 0.363221 0.137058 -0.223481 -0.252265
 1.49358 -1.03351 0.850396 -1.8571 -2.1931
 0.548854 0.850169 -1.75754 0.689434 -0.359104
 0.24177 -0.287829 0.437531 0.819517 -0.438121
 0.463508 0.807795 -1.65138 -2.00663 -0.909924
 -2.05441 -0.844355 -1.04315 -1.42131 1.16813

 2.00004 -0.472381 -0.103516 0.719954 -1.26835
 0.00367461 0.333689 2.17715 -0.74713 2.33805
 -0.776715 1.50928 -0.614077 -0.210651 0.555694
 0.350268 -0.226288 0.0371083 -1.61932 0.709953
 0.67946 1.37772 1.35568 -1.06592 0.399453
 -0.600597 1.04015 1.42562 -0.0515161 -1.55993
 1.21095 -1.32514 -0.863287 1.35388 -0.593654
 -0.526366 1.1528 -0.83257 1.81041 2.27661
 -1.17778 -1.84341 0.101436 1.65226 0.983329
 1.252 0.438008 0.641046 0.336893 -0.963315
 1.56156 -0.881609 0.252696 0.436223 0.48953
 -0.466922 0.967554 0.847027 -0.622027 -1.68357
 -0.713137 0.74425 0.555422 -0.460436 0.110288
 -0.191076 -1.38353 -0.112596 -0.368496 -0.610733
 -0.186107 0.272485 0.254618 -0.119309 -0.149783
 1.13738 -0.784469 0.865583 -1.77566 -2.00098
 0.455088 0.907019 -1.35578 0.747426 -0.179103
 0.215425 -0.30843 0.302627 0.846717 -0.476924
 0.458904 0.736505 -1.35427 -1.71932 -0.891436
 -1.85217 -0.790939 -0.858418 -1.25342 1.03857

 -2.44098 0.557887 -0.00619253 -0.789376 1.17972
 -0.0556784 -0.242761 -2.59071 0.650208 -2.41178
 0.574566 -1.35291 0.538899 0.352892 -0.538594
 -0.940492 0.0860165 -0.218789 1.18767 -0.871454
 -0.55968 -1.14266 -1.06592 1.07503 -0.325744
 0.289428 -1.12563 -1.41787 -0.247816 1.42515
 -0.586919 0.990574 1.13041 -1.01963 0.702477
 0.524499 -1.05058 1.0732 -1.62786 -2.04466
 1.04251 1.81639 -0.33163 -1.69791 -1.12071
 -1.04388 -0.795153 -0.702914 -0.413352 0.757741
 -1.77678 0.448877 -0.450459 -0.0747276 -0.475573
 0.374298 -1.09222 -0.61217 0.423301 1.64307
 0.769033 -0.476001 -0.349451 0.572065 -0.128991
 0.344923 1.21759 0.249404 0.327088 0.535626
 0.249174 -0.455187 0.00507498 0.143624 0.531034
 -1.24223 0.930407 -0.723257 1.27106 1.86611
 -0.55312 -0.603591 1.55318 -0.724882 0.27766
 -0.200713 0.133161 -0.525503 -0.771803 0.574575
 -0.388953 -0.35891 1.76579 1.71628 0.429802
 1.46118 0.688411 0.812019 1.29369 -1.02164

 0.495676 -0.0655405 -0.104791 0.204538 -0.382309
 -0.179795 0.103501 0.364987 -0.0718086 0.532796
 -0.25749 0.369664 -0.161283 0.026253 0.151789
 -0.0835677 -0.0798928 -0.136099 -0.214904 0.181576
 0.00702237 0.30312 0.399453 -0.325744 0.225165
 -0.258206 0.296725 0.410435 -0.171601 -0.513462
 0.451595 -0.343291 -0.044392 0.386217 -0.062677
 -0.213097 0.26592 0.0352743 0.500798 0.595341
 -0.183752 -0.38654 -0.0879712 0.273511 0.126683
 0.265031 -0.0906397 -0.0838778 0.162731 -0.327831
 0.424202 -0.458539 -0.0956703 0.258552 -0.0599959
 -0.0945427 0.177521 0.261438 -0.239894 -0.374195
 -0.223536 0.270084 0.213679 -0.0246459 0.252124
 0.00432994 -0.203115 0.0489913 -0.0771457 -0.095579
 -0.103835 0.0668757 0.156273 0.05538 -0.0428824
 0.118946 -0.0963032 0.292352 -0.477594 -0.540467
 0.0981585 0.314184 -0.177958 0.332489 0.068221
 0.0418775 -0.104808 0.0618348 0.33283 -0.235776
 0.130266 0.116739 -0.327983 -0.383113 -0.206017
 -0.401806 -0.219815 -0.148801 -0.328374 0.256458

 0.0689386 -0.0083398 0.23395 -0.0784783 0.476551
 0.147722 -0.106105 0.198172 0.102236 -0.427337
 0.587228 -0.597271 0.28097 -0.248539 -0.215247
 0.798016 0.223021 0.312682 0.692345 0.0875203
 -0.0478628 -0.500506 -0.600597 0.289428 -0.258206
 0.662317 -0.196969 -0.365109 0.46993 0.568487
 -1.3021 0.735289 -0.229908 -0.901006 -0.0986132
 0.273795 -0.34404 -0.421081 -0.622023 -0.784499
 0.25161 0.465154 0.327936 -0.138035 0.0779725
 -0.49 0.464754 -0.00681615 -0.0745915 0.606872
 -0.122182 1.00028 0.292832 -0.672919 0.0581987
 0.211079 0.0387603 -0.555111 0.524025 0.425153
 0.0884016 -0.672303 -0.400784 -0.13789 -0.214613
 -0.149548 0.394593 -0.218144 0.121778 0.241679
 0.0161616 0.0987389 -0.516296 -0.160035 -0.434619
 0.0148973 -0.100511 -0.392264 1.16847 0.630277
 0.0584097 -0.667018 -0.0656437 -0.375234 -0.0938437
 0.010123 0.417305 0.105587 -0.319609 0.100256
 -0.0809159 -0.540338 -0.183288 0.341074 0.737098
 0.805762 0.300838 0.245922 0.292381 -0.20817

 2.74447 -0.641188 0.0703674 0.84687 -1.21315
 0.119382 0.199592 2.95214 -0.701481 2.62298
 -0.536844 1.39943 -0.554704 -0.429959 0.553703
 1.23512 -0.0329578 0.355319 -1.19222 0.995493
 0.597147 1.17433 1.04015 -1.12563 0.296725
 -0.196969 1.23367 1.49675 0.414025 -1.43657
 0.396361 -0.953369 -1.34418 0.962361 -0.824693
 -0.546318 1.10144 -1.29552 1.67021 2.10391
 -1.11272 -1.95976 0.461621 1.87308 1.26105
 1.06683 1.00508 0.85217 0.422131 -0.704574
 1.96413 -0.28407 0.574196 -0.0775323 0.549082
 -0.388715 1.22908 0.578308 -0.35799 -1.74142
 -0.820963 0.41398 0.306889 -0.668827 0.0938111
 -0.422771 -1.29315 -0.322255 -0.317507 -0.582101
 -0.265734 0.53375 -0.0954345 -0.184484 -0.67419
 1.40092 -1.06429 0.697548 -1.19125 -1.94666
 0.618613 0.517204 -1.76921 0.71294 -0.371279
 0.203116 -0.0827193 0.646045 0.796225 -0.590712
 0.384876 0.291899 -1.99818 -1.87099 -0.324928
 -1.46002 -0.691771 -0.888459 -1.40159 1.08518

 3.25825 -0.753247 0.0328591 1.05059 -1.5591
 0.106045 0.32831 3.5093 -0.912875 3.24349
 -0.744245 1.80667 -0.715808 -0.493667 0.705439
 1.2892 -0.112756 0.329553 -1.6527 1.1745
 0.801467 1.55787 1.42562 -1.41787 0.410435
 -0.365109 1.49675 1.89015 0.365465 -1.88469
 0.751218 -1.33152 -1.54454 1.34383 -0.962704
 -0.67243 1.41482 -1.50212 2.17714 2.74246
 -1.43554 -2.44742 0.469068 2.31393 1.53142
 1.41429 1.10235 0.987824 0.522734 -0.98283
 2.37212 -0.548843 0.633652 0.0676642 0.684358
 -0.506589 1.48229 0.814309 -0.544871 -2.20353
 -1.02167 0.61639 0.463719 -0.790089 0.119698
 -0.458204 -1.6752 -0.345625 -0.433548 -0.730697
 -0.322406 0.596983 -0.0284876 -0.222787 -0.695245
 1.70592 -1.27217 0.951584 -1.69379 -2.49954
 0.743854 0.787487 -2.11456 0.927332 -0.389184
 0.276686 -0.164247 0.693768 1.01974 -0.73284
 0.526628 0.514034 -2.35259 -2.31623 -0.59616
 -1.98372 -0.921128 -1.10291 -1.72252 1.37202

 1.33135 -0.365193 0.28152 0.294623 -0.153381
 0.345182 -0.0588226 1.67021 -0.328372 0.958599
 0.207736 0.233509 -0.0590787 -0.427775 0.0923222
 1.31737 0.186149 0.559082 -0.197762 0.517122
 0.344634 0.19946 -0.0515161 -0.247816 -0.171601
 0.46993 0.414025 0.365465 0.709352 -0.102097
 -0.871998 0.111055 -0.969443 -0.230568 -0.5377
 -0.0102502 0.269995 -1.1049 0.24985 0.350478
 -0.40674 -0.65946 0.572988 0.875151 0.72889
 0.173544 0.997898 0.66984 0.0579883 0.198087
 0.794482 0.803937 0.625552 -0.673985 0.449579
 -0.0564779 0.644328 -0.171704 0.287483 -0.531277
 -0.254324 -0.341447 -0.223286 -0.483317 -0.301518
 -0.360368 -0.43598 -0.373507 -0.0495376 -0.17561
 -0.0550288 0.335683 -0.478409 -0.254958 -0.619857
 0.804241 -0.65042 -0.0604412 0.313307 -0.390653
 0.327264 -0.340403 -1.01826 -0.0763127 -0.381575
 0.0831072 0.260255 0.437127 0.022156 -0.0801681
 0.0595471 -0.212217 -1.06301 -0.671082 0.38601
 -0.119869 -0.0644065 -0.318259 -0.440396 0.333566

 -2.96923 0.6581 0.0784784 -1.01552 1.60993
 0.0344211 -0.390193 -3.10318 0.85267 -3.09143
 0.866943 -1.83454 0.737805 0.36717 -0.716181
 -0.863669 0.197469 -0.121948 1.68586 -1.05981
 -0.730573 -1.59134 -1.55993 1.42515 -0.513462
 0.568487 -1.43657 -1.88469 -0.102097 1.99075
 -1.13073 1.46537 1.26362 -1.5145 0.818594
 0.708842 -1.41038 1.1797 -2.2405 -2.80387
 1.38148 2.34935 -0.270778 -2.1366 -1.3562
 -1.4438 -0.781007 -0.767503 -0.542312 1.12871
 -2.23014 0.899982 -0.427831 -0.340229 -0.553705
 0.516129 -1.3384 -0.933622 0.691501 2.14892
 1.00273 -0.781073 -0.58687 0.657453 -0.250175
 0.346816 1.61521 0.224847 0.448871 0.701126
 0.326267 -0.503481 -0.148951 0.144876 0.508285
 -1.50691 1.10655 -1.05207 1.921 2.52597
 -0.673293 -0.978443 1.86004 -1.025 0.252475
 -0.272448 0.264823 -0.558148 -1.09026 0.760996
 -0.556196 -0.63011 2.10671 2.21324 0.786139
 2.07673 0.96476 1.04498 1.66695 -1.3444

 -0.0936536 -0.0252567 -0.437118 0.169804 -0.969389
 -0.1783 0.227924 -0.251791 -0.29368 0.964884
 -1.19098 1.27372 -0.586578 0.449176 0.459496
 -1.52887 -0.455991 -0.566156 -1.58392 -0.182252
 0.218935 1.07579 1.21095 -0.586919 0.451595
 -1.3021 0.396361 0.751218 -0.871998 -1.13073
 2.62516 -1.53999 0.346332 1.87718 0.151763
 -0.519643 0.742686 0.706473 1.28698 1.65219
 -0.602262 -1.05118 -0.599468 0.402531 -0.0516484
 1.06682 -0.805088 0.187265 0.126741 -1.23183
 0.260177 -1.93152 -0.48213 1.3026 0.0123857
 -0.449973 -0.0249449 1.12773 -1.05495 -0.957217
 -0.169966 1.34866 0.774195 0.214649 0.290916
 0.266338 -0.93895 0.394337 -0.285134 -0.540589
 -0.00693678 -0.185171 1.00133 0.27702 0.893922
 0.109117 0.121229 0.781202 -2.44009 -1.31486
 -0.0968814 1.34676 0.00373836 0.710846 0.121533
 -0.00527016 -0.855995 -0.203614 0.572087 -0.158325
 0.159296 1.17125 0.325305 -0.750832 -1.55091
 -1.73801 -0.627698 -0.559669 -0.613246 0.451674

 -1.68504 0.449059 0.128689 -0.62512 1.24472
 -0.102724 -0.288861 -1.89709 0.74431 -2.23495
 0.905405 -1.57836 0.653914 0.118564 -0.576613
 -0.0765408 0.268616 -0.0149761 1.82426 -0.543647
 -0.693006 -1.40619 -1.32514 0.990574 -0.343291
 0.735289 -0.953369 -1.33152 0.111055 1.46537
 -1.53999 1.4525 0.783186 -1.56734 0.513853
 0.527954 -1.14034 0.676201 -1.76146 -2.25552
 1.16904 1.8648 -0.0439388 -1.55678 -0.893607
 -1.31888 -0.346714 -0.79104 -0.267323 1.04114
 -1.36068 1.03006 -0.224838 -0.551579 -0.528404
 0.507013 -0.83988 -0.940072 0.723714 1.67303
 0.598072 -0.900777 -0.574463 0.395685 -0.0171494
 0.145333 1.47117 0.0561557 0.380372 0.690671
 0.126425 -0.213708 -0.388585 0.0713344 -0.0753518
 -1.09946 0.702871 -0.834612 2.04631 1.94654
 -0.365076 -1.00364 1.25425 -0.709034 0.223972
 -0.168283 0.462451 -0.258549 -0.738143 0.367003
 -0.369551 -0.912312 1.09385 1.64322 1.09755
 1.96812 0.785155 0.906581 1.195 -0.963084

 -3.3497 0.861681 -0.315093 -0.940574 1.13904
 -0.49419 -0.141466 -3.91979 0.960821 -3.03967
 0.287263 -1.4246 0.531035 0.7472 -0.550815
 -2.12477 -0.106041 -0.806376 1.39024 -1.23043
 -0.928588 -1.23435 -0.863287 1.13041 -0.044392
 -0.229908 -1.34418 -1.54454 -0.969443 1.26362
 0.346332 0.783186 1.9966 -0.675802 1.17023
 0.418203 -1.19596 2.11862 -1.63831 -2.11556
 1.37864 2.26532 -0.88752 -2.39609 -1.72975
 -1.12723 -1.73817 -1.41539 -0.352445 0.434755
 -2.25832 -0.485027 -1.07159 0.638777 -0.962323
 0.406459 -1.5918 -0.363229 0.0601112 1.9702
 0.872162 -0.0679466 -0.0632888 1.00452 0.322726
 0.663207 1.58577 0.608856 0.342106 0.684913
 0.222996 -0.699684 0.488566 0.417458 1.00762
 -1.94428 1.47826 -0.5322 0.841787 1.98122
 -0.789847 -0.173099 2.40803 -0.46373 0.676368
 -0.258345 -0.126308 -0.867753 -0.620529 0.486088
 -0.384934 -0.192397 2.51113 2.1669 0.0641833
 1.46431 0.654062 1.06336 1.53484 -1.20763

 1.56738 -0.429746 -0.201422 0.601432 -1.31693
 0.0779538 0.25915 1.68455 -0.665544 2.21535
 -1.07011 1.67544 -0.709883 -0.00943128 0.634893
 -0.167039 -0.30728 -0.0831259 -1.85478 0.451364
 0.589243 1.40954 1.35388 -1.01963 0.386217
 -0.901006 0.962361 1.34383 -0.230568 -1.5145
 1.87718 -1.56734 -0.675802 1.79384 -0.428312
 -0.61719 1.14673 -0.43682 1.79513 2.30889
 -1.1062 -1.89938 -0.0490348 1.4476 0.78955
 1.35719 0.201969 0.78683 0.299876 -1.18766
 1.30704 -1.29275 0.132745 0.718332 0.44486
 -0.53288 0.741053 1.04887 -0.865188 -1.69871
 -0.567181 1.08239 0.627773 -0.308693 0.101596
 -0.116786 -1.46741 0.017738 -0.398106 -0.730899
 -0.129618 0.20758 0.540317 0.0299035 0.185956
 1.00527 -0.612008 0.878503 -2.29957 -1.9836
 0.313529 1.14274 -1.14222 0.812428 -0.212031
 0.121832 -0.604632 0.262537 0.746437 -0.394433
 0.311042 0.975788 -0.988376 -1.61153 -1.21623
 -2.03503 -0.807675 -0.92924 -1.2207 0.935828

 -2.01687 0.510105 -0.172777 -0.57667 0.717549
 -0.256355 -0.107433 -2.353 0.597911 -1.85331
 0.190084 -0.880282 0.330249 0.43835 -0.330671
 -1.2259 -0.0475682 -0.457782 0.873791 -0.756665
 -0.572971 -0.79083 -0.593654 0.702477 -0.062677
 -0.0986132 -0.824693 -0.962704 -0.5377 0.818594
 0.151763 0.513853 1.17023 -0.428312 0.707073
 0.261345 -0.749271 1.26269 -1.04436 -1.33542
 0.862076 1.37378 -0.501271 -1.46117 -1.03316
 -0.708779 -0.99169 -0.804471 -0.212956 0.287494
 -1.37753 -0.228546 -0.605844 0.335417 -0.567088
 0.258339 -0.968506 -0.251323 0.0546769 1.20033
 0.545056 -0.0668122 -0.0834257 0.596826 0.163122
 0.378189 0.968804 0.349563 0.206101 0.414544
 0.137837 -0.399641 0.265771 0.254704 0.584974
 -1.15771 0.880599 -0.359558 0.551216 1.24481
 -0.477386 -0.145345 1.43833 -0.298492 0.378931
 -0.166894 -0.0743461 -0.495658 -0.429949 0.301132
 -0.266922 -0.149445 1.49626 1.3376 0.0834142
 0.93749 0.418082 0.645137 0.941035 -0.752686

 -1.05405 0.237261 0.0593797 -0.346456 0.60594
 0.0377506 -0.0743235 -1.02075 0.218082 -1.09123
 0.389695 -0.683766 0.290013 0.0628531 -0.282467
 -0.242558 0.060726 -0.0208968 0.511275 -0.354606
 -0.137705 -0.521696 -0.526366 0.524499 -0.213097
 0.273795 -0.546318 -0.67243 -0.0102502 0.708842
 -0.519643 0.527954 0.418203 -0.61719 0.261345
 0.330298 -0.484535 0.284816 -0.780013 -0.975584
 0.414483 0.844287 -0.0695274 -0.679559 -0.409548
 -0.491553 -0.219541 -0.272201 -0.21904 0.453214
 -0.800494 0.433328 -0.101598 -0.171978 -0.113129
 0.191918 -0.427922 -0.367836 0.297476 0.751461
 0.341347 -0.363049 -0.222584 0.183133 -0.181131
 0.128237 0.519133 0.0453986 0.142145 0.270198
 0.127426 -0.203273 -0.128599 -0.0231033 0.176421
 -0.464455 0.342538 -0.371754 0.749297 0.892896
 -0.213399 -0.379032 0.60833 -0.428164 0.104966
 -0.0503787 0.161217 -0.255743 -0.409669 0.299014
 -0.139615 -0.184286 0.736038 0.776004 0.262424
 0.695024 0.329866 0.384174 0.627191 -0.449877

 2.3384 -0.584137 0.0285124 0.758197 -1.19453
 0.179644 0.251946 2.63809 -0.791308 2.49315
 -0.62785 1.46104 -0.581545 -0.360531 0.547913
 0.867755 -0.119926 0.280094 -1.53513 0.830702
 0.737651 1.29862 1.1528 -1.05058 0.26592
 -0.34404 1.10144 1.41482 0.269995 -1.41038
 0.742686 -1.14034 -1.19596 1.14673 -0.749271
 -0.484535 1.13532 -1.19303 1.70131 2.16517
 -1.20601 -1.94288 0.343835 1.83197 1.18373
 1.19178 0.833299 0.904979 0.325429 -0.787403
 1.71732 -0.450324 0.506646 0.0995086 0.633174
 -0.442597 1.12148 0.688002 -0.447808 -1.73617
 -0.727157 0.540369 0.384264 -0.612088 -0.0433689
 -0.3329 -1.42842 -0.259828 -0.353309 -0.635416
 -0.185162 0.398636 0.0344689 -0.199255 -0.386242
 1.36298 -0.974865 0.730833 -1.48305 -1.93716
 0.535917 0.666159 -1.64493 0.637166 -0.345436
 0.212974 -0.192215 0.476807 0.732561 -0.4537
 0.402477 0.568986 -1.65538 -1.80829 -0.635399
 -1.69822 -0.726318 -0.913458 -1.30701 1.05345

 -3.40892 0.879701 -0.40304 -0.949847 1.03741
 -0.565995 -0.189966 -4.13152 1.08343 -3.03713
 0.097681 -1.31911 0.465902 0.878666 -0.482439
 -2.36981 -0.136752 -0.922636 1.44098 -1.29994
 -1.1025 -1.24985 -0.83257 1.0732 0.0352743
 -0.421081 -1.29552 -1.50212 -1.1049 1.1797
 0.706473 0.676201 2.11862 -0.43682 1.26269
 0.284816 -1.19303 2.41444 -1.59075 -2.05319
 1.47959 2.22626 -0.99176 -2.53165 -1.85776
 -1.10815 -1.91142 -1.46351 -0.290555 0.267463
 -2.26304 -0.805019 -1.19653 0.825921 -1.1051
 0.384157 -1.69311 -0.24157 -0.101276 1.94698
 0.883666 0.141298 0.00555664 1.10982 0.487691
 0.691128 1.63206 0.699166 0.337248 0.649286
 0.196116 -0.685334 0.663626 0.55175 1.08683
 -2.07285 1.58308 -0.475169 0.588148 1.92134
 -0.838584 -0.0238118 2.53727 -0.308122 0.699455
 -0.319004 -0.278645 -0.830229 -0.566561 0.416151
 -0.453668 -0.174503 2.57681 2.18602 -0.0199114
 1.43215 0.629958 1.04374 1.47775 -1.23161

 3.47533 -0.826071 -0.0272499 1.16168 -1.8553
 0.125695 0.423487 3.79692 -1.11947 3.70742
 -1.0044 2.20558 -0.883672 -0.479669 0.836833
 1.11809 -0.218485 0.281761 -2.21541 1.23617
 1.01143 1.9483 1.81041 -1.62786 0.500798
 -0.622023 1.67021 2.17714 0.24985 -2.2405
 1.28698 -1.76146 -1.63831 1.79513 -1.04436
 -0.780013 1.70131 -1.59075 2.62125 3.31088
 -1.74708 -2.86868 0.408239 2.65083 1.68997
 1.77909 1.07241 1.15815 0.548985 -1.27436
 2.59025 -0.898736 0.628462 0.300253 0.822183
 -0.650862 1.62876 1.09347 -0.761899 -2.58843
 -1.1302 0.895042 0.651545 -0.846404 0.0961964
 -0.442756 -2.06336 -0.320665 -0.533874 -0.910474
 -0.321519 0.58147 0.135931 -0.239017 -0.548807
 1.92438 -1.38374 1.178 -2.3068 -2.96511
 0.791015 1.10323 -2.33411 1.07674 -0.412437
 0.321871 -0.320936 0.673393 1.19406 -0.771038
 0.63236 0.8469 -2.45263 -2.67849 -0.994132
 -2.55292 -1.12684 -1.32052 -1.96696 1.58944

 4.37645 -1.06142 -0.0195067 1.45763 -2.34139
 0.222432 0.523972 4.83039 -1.4461 4.7147
 -1.28504 2.81883 -1.12859 -0.61372 1.06733
 1.42508 -0.277419 0.389755 -2.88992 1.54423
 1.32127 2.48735 2.27661 -2.04466 0.595341
 -0.784499 2.10391 2.74246 0.350478 -2.80387
 1.65219 -2.25552 -2.11556 2.30889 -1.33542
 -0.975584 2.16517 -2.05319 3.31088 4.19993
 -2.24238 -3.672 0.540165 3.38756 2.16507
 2.28144 1.4031 1.55953 0.672006 -1.61374
 3.25759 -1.10948 0.83686 0.36102 1.09325
 -0.838042 2.06581 1.39298 -0.967502 -3.30282
 -1.40766 1.14431 0.810284 -1.0879 0.0545141
 -0.571538 -2.67193 -0.416922 -0.685736 -1.18465
 -0.388247 0.73479 0.17082 -0.313172 -0.665103
 2.48197 -1.77225 1.47284 -2.97098 -3.75247
 0.996915 1.39667 -2.99329 1.33218 -0.561818
 0.402029 -0.428698 0.85773 1.46878 -0.93788
 0.781512 1.11705 -3.08632 -3.40417 -1.29683
 -3.2752 -1.42521 -1.70352 -2.49087 2.00867

 -2.44586 0.64313 -0.102421 -0.777031 1.1814
 -0.312252 -0.269678 -2.91642 0.94404 -2.63655
 0.565963 -1.50525 0.586038 0.45823 -0.539933
 -1.05849 0.107894 -0.412232 1.75937 -0.885527
 -0.93185 -1.40502 -1.17778 1.04251 -0.183752
 0.25161 -1.11272 -1.43554 -0.40674 1.38148
 -0.602262 1.16904 1.37864 -1.1062 0.862076
 0.414483 -1.20601 1.47959 -1.74708 -2.24238
 1.3713 2.06579 -0.449986 -2.04378 -1.34266
 -1.2803 -1.02541 -1.10407 -0.265261 0.723089
 -1.76963 0.248241 -0.651668 0.0271693 -0.817175
 0.474709 -1.24011 -0.664969 0.373508 1.83513
 0.735336 -0.461876 -0.350569 0.722929 0.230928
 0.376762 1.60388 0.337622 0.374333 0.692823
 0.147705 -0.400308 0.0609615 0.302959 0.404792
 -1.56082 1.10614 -0.707143 1.47248 1.99314
 -0.580193 -0.610071 1.8486 -0.527693 0.430862
 -0.249841 0.142353 -0.483295 -0.687853 0.373858
 -0.439317 -0.651519 1.73479 1.93134 0.673145
 1.82404 0.74416 0.992934 1.33903 -1.1134

 -4.26351 1.08115 -0.121733 -1.33415 2.0346
 -0.411324 -0.361451 -4.82013 1.35896 -4.41534
 1.02984 -2.51422 0.997756 0.692481 -0.957203
 -1.79821 0.138658 -0.625426 2.56726 -1.50175
 -1.25933 -2.17751 -1.84341 1.81639 -0.38654
 0.465154 -1.95976 -2.44742 -0.65946 2.34935
 -1.05118 1.8648 2.26532 -1.89938 1.37378
 0.844287 -1.94288 2.22626 -2.86868 -3.672
 2.06579 3.43666 -0.740265 -3.24658 -2.15018
 -2.01565 -1.6735 -1.73608 -0.570924 1.278
 -3.0775 0.563113 -1.02025 0.0173646 -1.15188
 0.749138 -2.01487 -1.10924 0.697267 3.03776
 1.26222 -0.848828 -0.559553 1.13469 0.131937
 0.66323 2.48287 0.52553 0.596343 1.12397
 0.331135 -0.784935 0.0485846 0.361164 0.811829
 -2.47806 1.79018 -1.1773 2.42072 3.3146
 -0.967784 -1.01678 3.00582 -1.06819 0.706899
 -0.347195 0.292864 -0.962257 -1.19783 0.789328
 -0.628878 -0.864817 3.05676 3.17632 0.935628
 2.82285 1.21429 1.62027 2.30813 -1.81905

 1.34318 -0.349728 0.217924 0.334032 -0.270163
 0.266926 -0.00241736 1.6227 -0.341054 1.05048
 0.0920266 0.351603 -0.112104 -0.380952 0.139075
 1.13498 0.128715 0.452465 -0.307416 0.512971
 0.344663 0.304114 0.101436 -0.33163 -0.0879712
 0.327936 0.461621 0.469068 0.572988 -0.270778
 -0.599468 -0.0439388 -0.88752 -0.0490348 -0.501271
 -0.0695274 0.343835 -0.99176 0.408239 0.540165
 -0.449986 -0.740265 0.4827 0.895812 0.711724
 0.269284 0.870734 0.59475 0.100948 0.0545505
 0.843917 0.56092 0.539939 -0.507423 0.409376
 -0.0878213 0.639529 -0.0542631 0.165478 -0.623443
 -0.300674 -0.206479 -0.126268 -0.448461 -0.215541
 -0.317881 -0.494341 -0.320162 -0.0833333 -0.198331
 -0.0781798 0.316295 -0.374877 -0.219304 -0.546392
 0.783149 -0.624182 0.0514753 0.0805278 -0.546592
 0.326518 -0.182204 -0.983415 0.0375821 -0.320788
 0.0957236 0.189009 0.397282 0.117465 -0.141587
 0.102553 -0.11514 -1.05182 -0.735964 0.239286
 -0.283503 -0.143018 -0.344405 -0.502237 0.392421

 4.33275 -1.08888 0.24216 1.32149 -1.82766
 0.475124 0.36539 5.00866 -1.39427 4.27215
 -0.720157 2.24953 -0.864209 -0.849228 0.843419
 2.19885 -0.0495843 0.780479 -2.34868 1.58398
 1.33884 2.02478 1.65226 -1.69791 0.273511
 -0.138035 1.87308 2.31393 0.875151 -2.1366
 0.402531 -1.55678 -2.39609 1.4476 -1.46117
 -0.679559 1.83197 -2.53165 2.65083 3.38756
 -2.04378 -3.24658 0.895812 3.2793 2.24372
 1.83837 1.90479 1.72011 0.519093 -0.982574
 3.05219 -0.0597441 1.17106 -0.336398 1.23658
 -0.664869 2.09168 0.855149 -0.427626 -2.87878
 -1.25308 0.499239 0.400331 -1.23704 -0.275176
 -0.725049 -2.36278 -0.645344 -0.552685 -1.01109
 -0.315892 0.804009 -0.319976 -0.492277 -1.01309
 2.54191 -1.87793 1.03014 -1.87288 -3.08314
 1.02101 0.716202 -3.09295 0.864947 -0.733008
 0.391713 -0.0542386 0.965337 1.08717 -0.728689
 0.661421 0.666561 -3.16163 -3.07965 -0.636232
 -2.53623 -1.10537 -1.51748 -2.18301 1.77357

 3.06442 -0.761463 0.226055 0.913487 -1.15881
 0.363722 0.235042 3.55022 -0.932172 2.87925
 -0.355009 1.41811 -0.53033 -0.660798 0.542072
 1.7472 0.0216552 0.612189 -1.43649 1.12749
 0.906622 1.27003 0.983329 -1.12071 0.126683
 0.0779725 1.26105 1.53142 0.72889 -1.3562
 -0.0516484 -0.893607 -1.72975 0.78955 -1.03316
 -0.409548 1.18373 -1.85776 1.68997 2.16507
 -1.34266 -2.15018 0.711724 2.24372 1.59213
 1.14901 1.45791 1.18804 0.361724 -0.541079
 2.11252 0.205879 0.897308 -0.407085 0.867842
 -0.399855 1.46716 0.451836 -0.176361 -1.90839
 -0.859686 0.177499 0.166947 -0.8983 -0.23405
 -0.547313 -1.53921 -0.506547 -0.361513 -0.635037
 -0.228761 0.601446 -0.362176 -0.376105 -0.832464
 1.77921 -1.34027 0.621376 -1.00819 -1.99385
 0.732828 0.33163 -2.17343 0.529322 -0.528897
 0.276218 0.0668419 0.709426 0.668895 -0.506204
 0.433624 0.310083 -2.28148 -2.05141 -0.241844
 -1.54808 -0.697522 -0.987823 -1.45022 1.18433

 2.14728 -0.567615 -0.00832592 0.72047 -1.23811
 0.218415 0.270647 2.48689 -0.848066 2.49897
 -0.749299 1.57351 -0.63405 -0.300037 0.575455
 0.61921 -0.180938 0.23245 -1.79632 0.738352
 0.81135 1.41596 1.252 -1.04388 0.265031
 -0.49 1.06683 1.41429 0.173544 -1.4438
 1.06682 -1.31888 -1.12723 1.35719 -0.708779
 -0.491553 1.19178 -1.10815 1.77909 2.28144
 -1.2803 -2.01565 0.269284 1.83837 1.14901
 1.31541 0.728189 0.982807 0.280332 -0.895502
 1.61749 -0.632428 0.461805 0.245375 0.683269
 -0.497539 1.0684 0.807679 -0.55368 -1.79521
 -0.68308 0.688586 0.456046 -0.576691 -0.101637
 -0.280782 -1.55886 -0.211065 -0.382059 -0.707654
 -0.14464 0.333573 0.156713 -0.185609 -0.194834
 1.36559 -0.932912 0.776476 -1.77426 -2.00375
 0.486745 0.806059 -1.59995 0.637342 -0.347759
 0.2077 -0.306585 0.405913 0.72097 -0.389198
 0.398402 0.768546 -1.4789 -1.82772 -0.870761
 -1.90832 -0.774074 -0.972336 -1.30345 1.05755

 2.74779 -0.710609 0.360316 0.731456 -0.725986
 0.493237 0.0725914 3.28213 -0.750875 2.30861
 0.00275877 0.925914 -0.319952 -0.718846 0.366121
 2.06373 0.175665 0.795638 -0.883078 1.02446
 0.755299 0.803402 0.438008 -0.795153 -0.0906397
 0.464754 1.00508 1.10235 0.997898 -0.781007
 -0.805088 -0.346714 -1.73817 0.201969 -0.99169
 -0.219541 0.833299 -1.91142 1.07241 1.4031
 -1.02541 -1.6735 0.870734 1.90479 1.45791
 0.728189 1.63487 1.19155 0.250942 -0.108003
 1.77892 0.819133 1.01753 -0.806752 0.833621
 -0.245088 1.31135 0.0693478 0.159483 -1.44543
 -0.664636 -0.216908 -0.126929 -0.883734 -0.383485
 -0.605408 -1.15721 -0.592278 -0.237007 -0.469206
 -0.170575 0.615357 -0.615996 -0.410285 -0.986053
 1.61523 -1.25781 0.262818 -0.229438 -1.35198
 0.665979 -0.133095 -2.00404 0.214566 -0.60407
 0.214183 0.263397 0.752981 0.343749 -0.344673
 0.267073 -0.0472217 -2.12021 -1.62145 0.234426
 -0.87636 -0.410535 -0.774761 -1.12487 0.894531

 1.98787 -0.621027 0.221401 0.539256 -0.79316
 0.571394 0.0404402 2.55968 -0.790522 2.12189
 -0.377122 1.16936 -0.454052 -0.442014 0.421773
 1.20301 0.0162628 0.622363 -1.4684 0.67455
 0.812384 1.02187 0.641046 -0.702914 -0.0838778
 -0.00681615 0.85217 0.987824 0.66984 -0.767503
 0.187265 -0.79104 -1.41539 0.78683 -0.804471
 -0.272201 0.904979 -1.46351 1.15815 1.55953
 -1.10407 -1.73608 0.59475 1.72011 1.18804
 0.982807 1.19155 1.35088 0.10334 -0.400742
 1.35214 0.222055 0.790433 -0.337664 0.85569
 -0.390705 1.02989 0.403497 -0.148795 -1.46162
 -0.460753 0.250841 0.0821354 -0.684068 -0.474221
 -0.432194 -1.38171 -0.392973 -0.272392 -0.657058
 -0.0366005 0.397392 -0.183101 -0.29158 -0.385183
 1.44374 -1.00595 0.339905 -1.02647 -1.39472
 0.455753 0.254717 -1.69858 0.205786 -0.603429
 0.137535 -0.113837 0.54955 0.291767 -0.123894
 0.185468 0.470973 -1.43516 -1.54447 -0.400492
 -1.33699 -0.477362 -0.896208 -1.05044 0.80297

 0.94968 -0.180367 -0.0217209 0.312593 -0.427046
 -0.0683743 0.0936773 0.893703 -0.13585 0.818803
 -0.180648 0.423244 -0.167549 -0.119555 0.19634
 0.372185 -0.0157483 0.0178747 -0.197818 0.336099
 0.0803156 0.308597 0.336893 -0.413352 0.162731
 -0.0745915 0.422131 0.522734 0.0579883 -0.542312
 0.126741 -0.267323 -0.352445 0.299876 -0.212956
 -0.21904 0.325429 -0.290555 0.548985 0.672006
 -0.265261 -0.570924 0.100948 0.519093 0.361724
 0.280332 0.250942 0.10334 0.221033 -0.270954
 0.68223 -0.181931 0.119971 0.0263114 0.0589372
 -0.0870834 0.370332 0.176245 -0.149964 -0.539496
 -0.311049 0.135779 0.105849 -0.175094 0.167452
 -0.132548 -0.297803 -0.0781745 -0.111509 -0.12065
 -0.137522 0.202637 -0.0244092 -0.00861074 -0.288147
 0.36252 -0.30222 0.2687 -0.335789 -0.636478
 0.214527 0.193124 -0.491997 0.336529 -0.0447191
 0.0666661 -0.0139372 0.214162 0.30485 -0.30088
 0.136852 -0.00747889 -0.714772 -0.55277 -0.0260963
 -0.377694 -0.229504 -0.220049 -0.460142 0.351844

 -1.19805 0.286449 0.161986 -0.463531 0.944256
 0.0406472 -0.211581 -1.2004 0.416226 -1.54844
 0.71716 -1.13248 0.478214 0.0161662 -0.443485
 0.0760565 0.208712 0.111578 1.13827 -0.365833
 -0.345907 -0.941559 -0.963315 0.757741 -0.327831
 0.606872 -0.704574 -0.98283 0.198087 1.12871
 -1.23183 1.04114 0.434755 -1.18766 0.287494
 0.453214 -0.787403 0.267463 -1.27436 -1.61374
 0.723089 1.278 0.0545505 -0.982574 -0.541079
 -0.895502 -0.108003 -0.400742 -0.270954 0.833066
 -0.985212 0.923501 -0.0522969 -0.509211 -0.230351
 0.341526 -0.532545 -0.705033 0.596806 1.16924
 0.451214 -0.718346 -0.444743 0.205204 -0.177906
 0.0842915 0.930814 -0.0160582 0.276609 0.449927
 0.133435 -0.170029 -0.351892 -0.0356925 -0.0399268
 -0.652155 0.418356 -0.649198 1.50769 1.40285
 -0.247009 -0.79088 0.768809 -0.634889 0.0871908
 -0.0996662 0.373613 -0.189912 -0.584338 0.363226
 -0.252613 -0.583398 0.78313 1.11436 0.757872
 1.34152 0.570061 0.595727 0.867455 -0.673412

 4.54103 -1.04542 0.180623 1.38697 -1.8598
 0.21569 0.337453 4.91916 -1.14054 4.19164
 -0.692375 2.1194 -0.821786 -0.797484 0.843272
 2.25666 -0.00168722 0.650761 -1.76794 1.67201
 0.99395 1.80021 1.56156 -1.77678 0.424202
 -0.122182 1.96413 2.37212 0.794482 -2.23014
 0.260177 -1.36068 -2.25832 1.30704 -1.37753
 -0.800494 1.71732 -2.26304 2.59025 3.25759
 -1.76963 -3.0775 0.843917 3.05219 2.11252
 1.61749 1.77892 1.35214 0.68223 -0.985212
 3.20303 -0.179618 1.02438 -0.31249 0.924357
 -0.568433 2.04265 0.786745 -0.438098 -2.74741
 -1.34399 0.467663 0.395297 -1.14681 0.0941831
 -0.726327 -2.01522 -0.594402 -0.49749 -0.866059
 -0.441857 0.899459 -0.323701 -0.366058 -1.23773
 2.31422 -1.78681 1.05415 -1.60846 -3.03676
 1.04536 0.66685 -2.92393 1.07172 -0.606155
 0.357996 0.00672179 1.06448 1.22704 -0.960185
 0.638594 0.330802 -3.35273 -2.97405 -0.329871
 -2.18151 -1.066 -1.37121 -2.20948 1.7398

 0.123167 -0.0669628 0.397345 -0.134457 0.711178
 0.35803 -0.190523 0.453891 0.0425886 -0.528687
 0.860301 -0.811485 0.387229 -0.404804 -0.312302
 1.26894 0.339567 0.583851 0.800236 0.134146
 0.0628097 -0.649786 -0.881609 0.448877 -0.458539
 1.00028 -0.28407 -0.548843 0.803937 0.899982
 -1.93152 1.03006 -0.485027 -1.29275 -0.228546
 0.433328 -0.450324 -0.805019 -0.898736 -1.10948
 0.248241 0.563113 0.56092 -0.0597441 0.205879
 -0.632428 0.819133 0.222055 -0.181931 0.923501
 -0.179618 1.59197 0.537998 -1.0685 0.234696
 0.26214 0.119674 -0.80572 0.807168 0.548531
 0.161803 -0.993458 -0.611349 -0.270495 -0.476598
 -0.255201 0.423057 -0.370299 0.172755 0.268265
 0.075759 0.141364 -0.783518 -0.292497 -0.602483
 0.165532 -0.227934 -0.615458 1.65155 0.900867
 0.0905549 -1.00925 -0.244198 -0.650222 -0.24451
 0.0155708 0.59869 0.181606 -0.525624 0.247721
 -0.132949 -0.697485 -0.269213 0.404058 1.0155
 1.06468 0.439197 0.265796 0.398822 -0.283304

 1.59774 -0.433585 0.232289 0.420841 -0.413772
 0.356487 0.0439965 1.97553 -0.488681 1.37951
 0.00716378 0.563876 -0.192238 -0.444183 0.217434
 1.24082 0.101271 0.50618 -0.619188 0.588924
 0.511619 0.502119 0.252696 -0.450459 -0.0956703
 0.292832 0.574196 0.633652 0.625552 -0.427831
 -0.48213 -0.224838 -1.07159 0.132745 -0.605844
 -0.101598 0.506646 -1.19653 0.628462 0.83686
 -0.651668 -1.02025 0.539939 1.17106 0.897308
 0.461805 1.01753 0.790433 0.119971 -0.0522969
 1.02438 0.537998 0.648523 -0.504659 0.559417
 -0.157473 0.787644 0.0391516 0.10639 -0.878732
 -0.372947 -0.138309 -0.0919223 -0.547029 -0.310549
 -0.368709 -0.747289 -0.369149 -0.153045 -0.302085
 -0.0772038 0.355398 -0.380593 -0.268709 -0.556351
 1.00882 -0.770127 0.13881 -0.163837 -0.794006
 0.393534 -0.0862191 -1.22933 0.0810437 -0.391239
 0.131642 0.150282 0.436054 0.157877 -0.15963
 0.15439 0.0209386 -1.23384 -0.971518 0.101063
 -0.566398 -0.242639 -0.483873 -0.657017 0.530687

 -0.705801 0.189294 -0.298481 -0.0880342 -0.245696
 -0.271739 0.114087 -0.958602 0.0886956 -0.18804
 -0.492546 0.284569 -0.156804 0.372865 0.100125
 -1.19024 -0.246834 -0.496173 -0.373659 -0.31605
 -0.128109 0.240252 0.436223 -0.0747276 0.258552
 -0.672919 -0.0775323 0.0676642 -0.673985 -0.340229
 1.3026 -0.551579 0.638777 0.718332 0.335417
 -0.171978 0.0995086 0.825921 0.300253 0.36102
 0.0271693 0.0173646 -0.507423 -0.336398 -0.407085
 0.245375 -0.806752 -0.337664 0.0263114 -0.509211
 -0.31249 -1.0685 -0.504659 0.789053 -0.257931
 -0.110837 -0.343192 0.455917 -0.495433 -0.0272488
 0.0618818 0.614246 0.379036 0.32967 0.287941
 0.27938 -0.0516442 0.330052 -0.0649477 -0.0685237
 0.0150658 -0.234459 0.577212 0.229362 0.597548
 -0.405092 0.387301 0.300436 -0.939859 -0.233949
 -0.197071 0.621668 0.548456 0.29216 0.260154
 -0.0414536 -0.404086 -0.29787 0.200808 -0.0325651
 0.0340435 0.471789 0.645909 0.106886 -0.690411
 -0.48841 -0.174604 -0.00178861 0.0253408 -0.0206527

 1.36312 -0.407874 0.168155 0.392158 -0.516863
 0.372243 0.109785 1.80627 -0.612822 1.44265
 -0.171355 0.755294 -0.278027 -0.365674 0.256839
 0.862887 -0.00389202 0.416683 -1.05275 0.492031
 0.660276 0.738199 0.48953 -0.475573 -0.0599959
 0.0581987 0.549082 0.684358 0.449579 -0.553705
 0.0123857 -0.528404 -0.962323 0.44486 -0.567088
 -0.113129 0.633174 -1.1051 0.822183 1.09325
 -0.817175 -1.15188 0.409376 1.23658 0.867842
 0.683269 0.833621 0.85569 0.0589372 -0.230351
 0.924357 0.234696 0.559417 -0.257931 0.638383
 -0.251804 0.747717 0.239874 -0.054761 -0.999393
 -0.345621 0.0836501 0.0572323 -0.506158 -0.374901
 -0.278442 -0.968001 -0.294179 -0.201635 -0.406751
 -0.0244954 0.243056 -0.195437 -0.269764 -0.275891
 1.02715 -0.722522 0.254502 -0.617556 -0.965134
 0.339122 0.153809 -1.18412 0.0985157 -0.364618
 0.148547 0.00141219 0.303908 0.206718 -0.0812467
 0.203563 0.345155 -0.996787 -1.05682 -0.281347
 -0.944663 -0.346068 -0.578033 -0.679676 0.582379

 -0.744378 0.209687 0.00903732 -0.245573 0.458024
 -0.0937971 -0.0785708 -0.875326 0.310449 -0.908878
 0.303977 -0.595794 0.244957 0.0866681 -0.214698
 -0.184123 0.0690126 -0.0898781 0.692711 -0.251476
 -0.293131 -0.530969 -0.466922 0.374298 -0.0945427
 0.211079 -0.388715 -0.506589 -0.0564779 0.516129
 -0.449973 0.507013 0.406459 -0.53288 0.258339
 0.191918 -0.442597 0.384157 -0.650862 -0.838042
 0.474709 0.749138 -0.0878213 -0.664869 -0.399855
 -0.497539 -0.245088 -0.390705 -0.0870834 0.341526
 -0.568433 0.26214 -0.157473 -0.110837 -0.251804
 0.198057 -0.375975 -0.31724 0.216094 0.656743
 0.231475 -0.285692 -0.179668 0.198816 0.0432888
 0.0988822 0.585477 0.0666255 0.135313 0.281568
 0.039513 -0.110927 -0.0900113 0.0571376 0.0368479
 -0.489638 0.325868 -0.281215 0.698995 0.732561
 -0.162402 -0.31224 0.575743 -0.226249 0.142766
 -0.0634312 0.140771 -0.149669 -0.263517 0.119328
 -0.132564 -0.309629 0.497216 0.674986 0.351905
 0.7243 0.281239 0.374506 0.481618 -0.378776

 2.94139 -0.709963 0.188718 0.879454 -1.12935
 0.265848 0.218686 3.33688 -0.842989 2.72891
 -0.352605 1.33958 -0.506716 -0.598378 0.513549
 1.62391 0.0217365 0.54199 -1.27219 1.09633
 0.792121 1.19376 0.967554 -1.09222 0.177521
 0.0387603 1.22908 1.48229 0.644328 -1.3384
 -0.0249449 -0.83988 -1.5918 0.741053 -0.968506
 -0.427922 1.12148 -1.69311 1.62876 2.06581
 -1.24011 -2.01487 0.639529 2.09168 1.46716
 1.0684 1.31135 1.02989 0.370332 -0.532545
 2.04265 0.119674 0.787644 -0.343192 0.747717
 -0.375975 1.38531 0.442799 -0.181921 -1.78972
 -0.841617 0.190372 0.19371 -0.823325 -0.1214
 -0.50557 -1.39783 -0.455672 -0.32567 -0.583412
 -0.239583 0.572487 -0.312247 -0.328345 -0.813933
 1.62561 -1.23968 0.618286 -0.941329 -1.91519
 0.695283 0.333971 -2.01704 0.554006 -0.464587
 0.256443 0.0665649 0.68088 0.707305 -0.524656
 0.425367 0.251375 -2.17956 -1.95323 -0.201129
 -1.43708 -0.667018 -0.918516 -1.39794 1.13093

 0.924365 -0.24049 -0.128571 0.36215 -0.791113
 -0.00279875 0.16939 0.979287 -0.400132 1.31039
 -0.62967 0.985752 -0.418585 0.00260257 0.362991
 -0.134781 -0.189634 -0.0705802 -1.09145 0.286333
 0.346336 0.857775 0.847027 -0.61217 0.261438
 -0.555111 0.578308 0.814309 -0.171704 -0.933622
 1.12773 -0.940072 -0.363229 1.04887 -0.251323
 -0.367836 0.688002 -0.24157 1.09347 1.39298
 -0.664969 -1.10924 -0.0542631 0.855149 0.451836
 0.807679 0.0693478 0.403497 0.176245 -0.705033
 0.786745 -0.80572 0.0391516 0.455917 0.239874
 -0.31724 0.442799 0.63558 -0.5159 -0.993308
 -0.352478 0.647613 0.406215 -0.173196 0.0996954
 -0.0453078 -0.856807 0.0268972 -0.224739 -0.422447
 -0.0849258 0.10418 0.334991 0.0143132 0.119247
 0.57097 -0.349457 0.542966 -1.35935 -1.20021
 0.18576 0.69284 -0.652093 0.492661 -0.0935803
 0.0809403 -0.34597 0.13369 0.492813 -0.242732
 0.211683 0.586133 -0.570669 -0.967074 -0.735032
 -1.21885 -0.490152 -0.540641 -0.724876 0.566555

 -0.438269 0.104005 0.167903 -0.219681 0.575805
 0.0842748 -0.134513 -0.368132 0.193628 -0.785672
 0.538105 -0.698876 0.306501 -0.102055 -0.271256
 0.382573 0.180823 0.192878 0.727362 -0.098001
 -0.142137 -0.571702 -0.622027 0.423301 -0.239894
 0.524025 -0.35799 -0.544871 0.287483 0.691501
 -1.05495 0.723714 0.0601112 -0.865188 0.0546769
 0.297476 -0.447808 -0.101276 -0.761899 -0.967502
 0.373508 0.697267 0.165478 -0.427626 -0.176361
 -0.55368 0.159483 -0.148795 -0.149964 0.596806
 -0.438098 0.807168 0.10639 -0.495433 -0.054761
 0.216094 -0.181921 -0.5159 0.472882 0.640958
 0.216082 -0.576367 -0.341332 0.0159512 -0.171179
 -0.0340233 0.52701 -0.105148 0.165702 0.272972
 0.0681464 -0.0307969 -0.360078 -0.0917264 -0.202118
 -0.243457 0.117424 -0.424016 1.10098 0.819085
 -0.0717865 -0.602704 0.260793 -0.425692 -0.0141547
 -0.0332419 0.331989 -0.0297673 -0.357322 0.199403
 -0.12588 -0.454681 0.234341 0.566985 0.611743
 0.860949 0.354007 0.330507 0.460521 -0.348345

 -3.79965 0.944953 -0.0839593 -1.20936 1.83391
 -0.321779 -0.366803 -4.26422 1.20355 -3.92333
 0.917895 -2.2379 0.884434 0.617805 -0.860046
 -1.56059 0.142719 -0.498974 2.26798 -1.33743
 -1.12 -1.94258 -1.68357 1.64307 -0.374195
 0.425153 -1.74142 -2.20353 -0.531277 2.14892
 -0.957217 1.67303 1.9702 -1.69871 1.20033
 0.751461 -1.73617 1.94698 -2.58843 -3.30282
 1.83513 3.03776 -0.623443 -2.87878 -1.90839
 -1.79521 -1.44543 -1.46162 -0.539496 1.16924
 -2.74741 0.548531 -0.878732 -0.0272488 -0.999393
 0.656743 -1.78972 -0.993308 0.640958 2.71284
 1.14926 -0.754959 -0.514273 0.998834 0.0843988
 0.57967 2.18932 0.458019 0.550606 0.970006
 0.309514 -0.693233 0.0412413 0.318103 0.729483
 -2.18119 1.58017 -1.08862 2.1634 2.97559
 -0.871489 -0.940575 2.64544 -0.98907 0.58176
 -0.32727 0.250683 -0.823329 -1.08872 0.742867
 -0.593721 -0.766982 2.73282 2.81327 0.842125
 2.52493 1.10074 1.41363 2.05133 -1.63643

 -1.88264 0.411046 -0.0445746 -0.597746 0.806143
 -0.0234748 -0.185863 -1.99885 0.468827 -1.74028
 0.302151 -0.889573 0.343749 0.320349 -0.355416
 -0.863024 0.0256074 -0.203164 0.726395 -0.699432
 -0.405517 -0.769732 -0.713137 0.769033 -0.223536
 0.0884016 -0.820963 -1.02167 -0.254324 1.00273
 -0.169966 0.598072 0.872162 -0.567181 0.545056
 0.341347 -0.727157 0.883666 -1.1302 -1.40766
 0.735336 1.26222 -0.300674 -1.25308 -0.859686
 -0.68308 -0.664636 -0.460753 -0.311049 0.451214
 -1.34399 0.161803 -0.372947 0.0618818 -0.345621
 0.231475 -0.841617 -0.352478 0.216082 1.14926
 0.588206 -0.2162 -0.20266 0.456423 -0.0950058
 0.27534 0.819346 0.223608 0.218844 0.334596
 0.201795 -0.359049 0.111021 0.143799 0.502776
 -0.925265 0.719853 -0.489533 0.702396 1.30611
 -0.438787 -0.329743 1.17028 -0.493927 0.193623
 -0.165907 -0.00426041 -0.403671 -0.558249 0.44081
 -0.303592 -0.14957 1.38914 1.23253 0.168263
 0.936003 0.471173 0.545172 0.92045 -0.744109

 0.432424 -0.127092 -0.199999 0.221531 -0.678679
 -0.0641568 0.119815 0.377077 -0.241311 0.917106
 -0.682422 0.859269 -0.383933 0.157195 0.321198
 -0.524663 -0.217772 -0.204861 -0.9433 0.0810172
 0.176623 0.706013 0.74425 -0.476001 0.270084
 -0.672303 0.41398 0.61639 -0.341447 -0.781073
 1.34866 -0.900777 -0.0679466 1.08239 -0.0668122
 -0.363049 0.540369 0.141298 0.895042 1.14431
 -0.461876 -0.848828 -0.206479 0.499239 0.177499
 0.688586 -0.216908 0.250841 0.135779 -0.718346
 0.467663 -0.993458 -0.138309 0.614246 0.0836501
 -0.285692 0.190372 0.647613 -0.576367 -0.754959
 -0.2162 0.738144 0.424235 -0.00285491 0.174068
 0.0511878 -0.662826 0.140264 -0.183389 -0.369508
 -0.0510122 0.0116157 0.480198 0.118982 0.311595
 0.281906 -0.116891 0.486829 -1.38803 -0.961855
 0.0534418 0.735021 -0.297353 0.474138 -0.0178826
 0.0177052 -0.441851 0.0354563 0.414119 -0.179392
 0.122315 0.600356 -0.187624 -0.683628 -0.791179
 -1.07025 -0.413471 -0.429642 -0.546079 0.39438

 0.403914 -0.0856548 -0.121871 0.1922 -0.466407
 -0.0997746 0.126983 0.373071 -0.198264 0.664107
 -0.390318 0.547212 -0.237675 0.0577066 0.193547
 -0.261156 -0.140823 -0.135307 -0.597171 0.133781
 0.154798 0.501232 0.555422 -0.349451 0.213679
 -0.400784 0.306889 0.463719 -0.223286 -0.58687
 0.774195 -0.574463 -0.0632888 0.627773 -0.0834257
 -0.222584 0.384264 0.00555664 0.651545 0.810284
 -0.350569 -0.559553 -0.126268 0.400331 0.166947
 0.456046 -0.126929 0.0821354 0.105849 -0.444743
 0.395297 -0.611349 -0.0919223 0.379036 0.0572323
 -0.179668 0.19371 0.406215 -0.341332 -0.514273
 -0.20266 0.424235 0.299789 -0.0359669 0.144852
 0.03539 -0.432892 0.074427 -0.118501 -0.211828
 -0.0565523 0.0085331 0.264914 0.0369533 0.138061
 0.214903 -0.117736 0.356547 -0.827393 -0.692606
 0.0764437 0.465709 -0.242156 0.321187 0.0269983
 0.0489711 -0.217391 0.00811929 0.345538 -0.155421
 0.150566 0.366449 -0.213945 -0.506053 -0.481981
 -0.712158 -0.295187 -0.267196 -0.383235 0.312272

 -1.69909 0.427845 -0.165585 -0.487841 0.568912
 -0.237599 -0.107567 -2.00549 0.515647 -1.539
 0.11227 -0.705035 0.256274 0.403167 -0.266009
 -1.08662 -0.0458596 -0.401106 0.724332 -0.63683
 -0.511213 -0.643934 -0.460436 0.572065 -0.0246459
 -0.13789 -0.668827 -0.790089 -0.483317 0.657453
 0.214649 0.395685 1.00452 -0.308693 0.596826
 0.183133 -0.612088 1.10982 -0.846404 -1.0879
 0.722929 1.13469 -0.448461 -1.23704 -0.8983
 -0.576691 -0.883734 -0.684068 -0.175094 0.205204
 -1.14681 -0.270495 -0.547029 0.32967 -0.506158
 0.198816 -0.823325 -0.173196 0.0159512 0.998834
 0.456423 -0.00285491 -0.0359669 0.523224 0.178855
 0.325174 0.813613 0.315652 0.179107 0.329167
 0.115634 -0.342217 0.2735 0.238854 0.512784
 -1.00022 0.762442 -0.281139 0.39761 1.01353
 -0.411289 -0.0833078 1.22602 -0.222325 0.319226
 -0.153431 -0.0947918 -0.409105 -0.321248 0.247915
 -0.226715 -0.109247 1.27856 1.09864 0.0396564
 0.75658 0.341917 0.523954 0.762318 -0.626338

 0.0319925 0.0942152 -0.156809 0.0553279 -0.14162
 -0.358636 0.024012 -0.328871 0.243438 -0.0788986
 -0.136408 -0.00583053 -0.0212353 0.160627 0.0342965
 -0.314138 -0.0376787 -0.281519 0.403544 0.0195145
 -0.348371 -0.0916986 0.110288 -0.128991 0.252124
 -0.214613 0.0938111 0.119698 -0.301518 -0.250175
 0.290916 -0.0171494 0.322726 0.101596 0.163122
 -0.181131 -0.0433689 0.487691 0.0961964 0.0545141
 0.230928 0.131937 -0.215541 -0.275176 -0.23405
 -0.101637 -0.383485 -0.474221 0.167452 -0.177906
 0.0941831 -0.476598 -0.310549 0.287941 -0.374901
 0.0432888 -0.1214 0.0996954 -0.171179 0.0843988
 -0.0950058 0.174068 0.144852 0.178855 0.464056
 0.0914921 0.289909 0.15232 0.0324449 0.107847
 -0.121461 0.013989 0.185597 0.181293 -0.0329515
 -0.32653 0.192637 0.14849 -0.0674173 -0.0886086
 -0.0257486 0.169586 0.305793 0.305262 0.212775
 -0.032847 -0.0608814 -0.00150626 0.248172 -0.244287
 0.0193895 -0.15531 -0.00964913 0.0796553 0.0548146
 0.135802 -0.0409237 0.12257 -0.0499218 -0.004306

 -1.11359 0.280355 -0.115215 -0.299394 0.32338
 -0.162811 -0.0199458 -1.27386 0.256822 -0.922255
 0.0377369 -0.387068 0.139882 0.256291 -0.166027
 -0.785353 -0.0668195 -0.279196 0.29829 -0.405036
 -0.242982 -0.302613 -0.191076 0.344923 0.00432994
 -0.149548 -0.422771 -0.458204 -0.360368 0.346816
 0.266338 0.145333 0.663207 -0.116786 0.378189
 0.128237 -0.3329 0.691128 -0.442756 -0.571538
 0.376762 0.66323 -0.317881 -0.725049 -0.547313
 -0.280782 -0.605408 -0.432194 -0.132548 0.0842915
 -0.726327 -0.255201 -0.368709 0.27938 -0.278442
 0.0988822 -0.50557 -0.0453078 -0.0340233 0.57967
 0.27534 0.0511878 0.03539 0.325174 0.0914921
 0.246044 0.422953 0.218026 0.0986335 0.181332
 0.0802189 -0.256117 0.211732 0.126802 0.406846
 -0.599404 0.473522 -0.128298 0.121601 0.554554
 -0.263436 0.0209076 0.768046 -0.13684 0.226863
 -0.0730116 -0.082291 -0.31359 -0.164896 0.173886
 -0.102079 0.0453461 0.85637 0.643386 -0.104642
 0.336264 0.167276 0.30269 0.472159 -0.357924

 -2.75955 0.753006 -0.0953384 -0.881629 1.41353
 -0.409258 -0.29269 -3.30611 1.09795 -3.09598
 0.770065 -1.84586 0.728866 0.482274 -0.668334
 -1.09255 0.153558 -0.459077 2.18002 -0.961986
 -1.08238 -1.67972 -1.38353 1.21759 -0.203115
 0.394593 -1.29315 -1.6752 -0.43598 1.61521
 -0.93895 1.47117 1.58577 -1.46741 0.968804
 0.519133 -1.42842 1.63206 -2.06336 -2.67193
 1.60388 2.48287 -0.494341 -2.36278 -1.53921
 -1.55886 -1.15721 -1.38171 -0.297803 0.930814
 -2.01522 0.423057 -0.747289 -0.0516442 -0.968001
 0.585477 -1.39783 -0.856807 0.52701 2.18932
 0.819346 -0.662826 -0.432892 0.813613 0.289909
 0.422953 1.94637 0.360994 0.454185 0.869179
 0.156424 -0.45836 -0.0187743 0.312858 0.363104
 -1.82325 1.26426 -0.835252 1.93082 2.35856
 -0.640587 -0.797796 2.13325 -0.642747 0.531459
 -0.26417 0.272245 -0.56649 -0.77002 0.411247
 -0.461993 -0.859413 1.94065 2.25682 0.91179
 2.22917 0.888657 1.20832 1.57624 -1.28443

 -0.941561 0.240948 -0.140882 -0.24493 0.207219
 -0.175549 -0.02592 -1.13959 0.256228 -0.747496
 -0.0585118 -0.262305 0.0832839 0.271849 -0.104085
 -0.770844 -0.0759302 -0.294098 0.249171 -0.359888
 -0.266919 -0.238095 -0.112596 0.249404 0.0489913
 -0.218144 -0.322255 -0.345625 -0.373507 0.224847
 0.394337 0.0561557 0.608856 0.017738 0.349563
 0.0453986 -0.259828 0.699166 -0.320665 -0.416922
 0.337622 0.52553 -0.320162 -0.645344 -0.506547
 -0.211065 -0.592278 -0.392973 -0.0781745 -0.0160582
 -0.594402 -0.370299 -0.369149 0.330052 -0.294179
 0.0666255 -0.455672 0.0268972 -0.105148 0.458019
 0.223608 0.140264 0.074427 0.315652 0.15232
 0.218026 0.360994 0.224506 0.0729834 0.134523
 0.0539408 -0.213215 0.25847 0.161787 0.374244
 -0.552458 0.438018 -0.0633005 -0.0300348 0.409362
 -0.234169 0.10089 0.689561 -0.0368218 0.206743
 -0.0815157 -0.134656 -0.255223 -0.0949375 0.109183
 -0.0971939 0.0592832 0.737753 0.525895 -0.140577
 0.237743 0.11797 0.23907 0.355861 -0.293315

 -0.675873 0.170249 0.0070973 -0.234077 0.376705
 -0.0652483 -0.103432 -0.766718 0.24583 -0.752952
 0.212949 -0.465666 0.182613 0.106093 -0.183561
 -0.21376 0.0567597 -0.0503027 0.511643 -0.222574
 -0.243119 -0.405255 -0.368496 0.327088 -0.0771457
 0.121778 -0.317507 -0.433548 -0.0495376 0.448871
 -0.285134 0.380372 0.342106 -0.398106 0.206101
 0.142145 -0.353309 0.337248 -0.533874 -0.685736
 0.374333 0.596343 -0.0833333 -0.552685 -0.361513
 -0.382059 -0.237007 -0.272392 -0.111509 0.276609
 -0.49749 0.172755 -0.153045 -0.0649477 -0.201635
 0.135313 -0.32567 -0.224739 0.165702 0.550606
 0.218844 -0.183389 -0.118501 0.179107 0.0324449
 0.0986335 0.454185 0.0729834 0.134552 0.190594
 0.0534623 -0.114671 -0.0215955 0.0556884 0.0910563
 -0.415126 0.288695 -0.242697 0.510446 0.600695
 -0.161658 -0.241321 0.486513 -0.209092 0.0925582
 -0.0715136 0.0785069 -0.118608 -0.200552 0.144673
 -0.129036 -0.206023 0.484383 0.53305 0.2358
 0.555612 0.23489 0.273754 0.389875 -0.324282

 -1.16928 0.336769 -0.0257018 -0.363917 0.643716
 -0.192152 -0.0841158 -1.39287 0.459938 -1.36573
 0.408523 -0.857423 0.34976 0.163053 -0.311537
 -0.404959 0.070406 -0.202197 0.988645 -0.392921
 -0.436744 -0.748327 -0.610733 0.535626 -0.095579
 0.241679 -0.582101 -0.730697 -0.17561 0.701126
 -0.540589 0.690671 0.684913 -0.730899 0.414544
 0.270198 -0.635416 0.649286 -0.910474 -1.18465
 0.692823 1.12397 -0.198331 -1.01109 -0.635037
 -0.707654 -0.469206 -0.657058 -0.12065 0.449927
 -0.866059 0.268265 -0.302085 -0.0685237 -0.406751
 0.281568 -0.583412 -0.422447 0.272972 0.970006
 0.334596 -0.369508 -0.211828 0.329167 0.107847
 0.181332 0.869179 0.134523 0.190594 0.422991
 0.0573761 -0.198336 -0.0757358 0.100059 0.110467
 -0.776949 0.526156 -0.365194 0.949236 1.04565
 -0.254304 -0.388336 0.915981 -0.299091 0.260238
 -0.085964 0.182769 -0.272259 -0.344091 0.163247
 -0.165236 -0.408702 0.800944 1.00384 0.44681
 1.01037 0.389583 0.564995 0.71487 -0.549203

 -0.617856 0.109271 0.000689305 -0.199082 0.246417
 0.0613889 -0.056154 -0.575758 0.0762046 -0.49909
 0.0768433 -0.227634 0.0881498 0.0878234 -0.104803
 -0.276005 -0.00318481 -0.0236459 0.0658539 -0.232403
 -0.0357173 -0.17081 -0.186107 0.249174 -0.103835
 0.0161616 -0.265734 -0.322406 -0.0550288 0.326267
 -0.00693678 0.126425 0.222996 -0.129618 0.137837
 0.127426 -0.185162 0.196116 -0.321519 -0.388247
 0.147705 0.331135 -0.0781798 -0.315892 -0.228761
 -0.14464 -0.170575 -0.0366005 -0.137522 0.133435
 -0.441857 0.075759 -0.0772038 0.0150658 -0.0244954
 0.039513 -0.239583 -0.0849258 0.0681464 0.309514
 0.201795 -0.0510122 -0.0565523 0.115634 -0.121461
 0.0802189 0.156424 0.0539408 0.0534623 0.0573761
 0.0967536 -0.132711 0.0411564 0.0133001 0.209679
 -0.221508 0.195243 -0.152612 0.13735 0.378996
 -0.140186 -0.0844589 0.305768 -0.202238 0.0199693
 -0.044169 -0.0212508 -0.142188 -0.199231 0.19527
 -0.0865918 0.0420644 0.469396 0.336013 -0.0293778
 0.185835 0.132167 0.120277 0.277062 -0.214084

 1.33677 -0.307827 0.0931914 0.379035 -0.437443
 0.0960416 0.0435454 1.43202 -0.254877 1.10429
 -0.0995277 0.485128 -0.182496 -0.263356 0.2137
 0.824221 0.0580044 0.24881 -0.291099 0.485307
 0.211887 0.363221 0.272485 -0.455187 0.0668757
 0.0987389 0.53375 0.596983 0.335683 -0.503481
 -0.185171 -0.213708 -0.699684 0.20758 -0.399641
 -0.203273 0.398636 -0.685334 0.58147 0.73479
 -0.400308 -0.784935 0.316295 0.804009 0.601446
 0.333573 0.615357 0.397392 0.202637 -0.170029
 0.899459 0.141364 0.355398 -0.234459 0.243056
 -0.110927 0.572487 0.10418 -0.0307969 -0.693233
 -0.359049 0.0116157 0.0085331 -0.342217 0.013989
 -0.256117 -0.45836 -0.213215 -0.114671 -0.198336
 -0.132711 0.307811 -0.189949 -0.103875 -0.469006
 0.644362 -0.520407 0.205475 -0.215408 -0.715659
 0.305911 0.045085 -0.838279 0.257976 -0.208095
 0.0828511 0.0663463 0.368015 0.267078 -0.277538
 0.127016 -0.064224 -1.02365 -0.759096 0.100619
 -0.403774 -0.2282 -0.33891 -0.581973 0.435261

 -0.651664 0.144995 -0.214545 -0.125731 -0.133061
 -0.156481 0.0202471 -0.826824 0.0964641 -0.226555
 -0.383118 0.187571 -0.115241 0.317426 0.0607736
 -0.933588 -0.169206 -0.336098 -0.270731 -0.290953
 -0.131238 0.137058 0.254618 0.00507498 0.156273
 -0.516296 -0.0954345 -0.0284876 -0.478409 -0.148951
 1.00133 -0.388585 0.488566 0.540317 0.265771
 -0.128599 0.0344689 0.663626 0.135931 0.17082
 0.0609615 0.0485846 -0.374877 -0.319976 -0.362176
 0.156713 -0.615996 -0.183101 -0.0244092 -0.351892
 -0.323701 -0.783518 -0.380593 0.577212 -0.195437
 -0.0900113 -0.312247 0.334991 -0.360078 0.0412413
 0.111021 0.480198 0.264914 0.2735 0.185597
 0.211732 -0.0187743 0.25847 -0.0215955 -0.0757358
 0.0411564 -0.189949 0.463459 0.192927 0.498193
 -0.34167 0.329744 0.165354 -0.704064 -0.0862125
 -0.189675 0.436056 0.454579 0.167688 0.152055
 -0.0675267 -0.339028 -0.207758 0.0982155 0.0395861
 -0.0345303 0.360078 0.588053 0.131142 -0.518784
 -0.320212 -0.0880482 -0.010294 0.0555135 -0.0756148

 -0.577914 0.156774 -0.113472 -0.156543 0.118459
 -0.145639 -0.053969 -0.785861 0.249565 -0.504347
 -0.0713532 -0.175172 0.0486883 0.21123 -0.0477215
 -0.505386 -0.0353011 -0.217147 0.294111 -0.240148
 -0.282219 -0.223481 -0.119309 0.143624 0.05538
 -0.160035 -0.184484 -0.222787 -0.254958 0.144876
 0.27702 0.0713344 0.417458 0.0299035 0.254704
 -0.0231033 -0.199255 0.55175 -0.239017 -0.313172
 0.302959 0.361164 -0.219304 -0.492277 -0.376105
 -0.185609 -0.410285 -0.29158 -0.00861074 -0.0356925
 -0.366058 -0.292497 -0.268709 0.229362 -0.269764
 0.0571376 -0.328345 0.0143132 -0.0917264 0.318103
 0.143799 0.118982 0.0369533 0.238854 0.181293
 0.126802 0.312858 0.161787 0.0556884 0.100059
 0.0133001 -0.103875 0.192927 0.161072 0.202277
 -0.418656 0.317604 -0.0459595 -0.00632068 0.288294
 -0.158659 0.066375 0.49001 0.0348361 0.136112
 -0.0819794 -0.112121 -0.117292 -0.054222 0.0222834
 -0.102655 -0.0388807 0.446719 0.372744 -0.02629
 0.238036 0.0939574 0.171974 0.213283 -0.213548

 -1.93397 0.405991 -0.209409 -0.516966 0.410941
 -0.0923521 -0.0385112 -2.0525 0.266626 -1.31484
 -0.153048 -0.359833 0.108447 0.468114 -0.185507
 -1.49457 -0.181477 -0.428642 -0.0435788 -0.75597
 -0.210892 -0.252265 -0.149783 0.531034 -0.0428824
 -0.434619 -0.67419 -0.695245 -0.619857 0.508285
 0.893922 -0.0753518 1.00762 0.185956 0.584974
 0.176421 -0.386242 1.08683 -0.548807 -0.665103
 0.404792 0.811829 -0.546392 -1.01309 -0.832464
 -0.194834 -0.986053 -0.385183 -0.288147 -0.0399268
 -1.23773 -0.602483 -0.556351 0.597548 -0.275891
 0.0368479 -0.813933 0.119247 -0.202118 0.729483
 0.502776 0.311595 0.138061 0.512784 -0.0329515
 0.406846 0.363104 0.374244 0.0910563 0.110467
 0.209679 -0.469006 0.498193 0.202277 0.902963
 -0.826769 0.736984 -0.145924 -0.313046 0.722889
 -0.465713 0.234784 1.13656 -0.240424 0.262274
 -0.131341 -0.324109 -0.542602 -0.308874 0.40304
 -0.184071 0.403786 1.53806 0.887639 -0.5338
 0.134473 0.185011 0.307317 0.680795 -0.524074

 3.33978 -0.861832 0.248765 0.992856 -1.31623
 0.468144 0.246049 3.934 -1.08777 3.25085
 -0.46904 1.66393 -0.630229 -0.70986 0.624028
 1.85648 0.00191262 0.70085 -1.78321 1.21393
 1.06821 1.49358 1.13738 -1.24223 0.118946
 0.0148973 1.40092 1.70592 0.804241 -1.50691
 0.109117 -1.09946 -1.94428 1.00527 -1.15771
 -0.464455 1.36298 -2.07285 1.92438 2.48197
 -1.56082 -2.47806 0.783149 2.54191 1.77921
 1.36559 1.61523 1.44374 0.36252 -0.652155
 2.31422 0.165532 1.00882 -0.405092 1.02715
 -0.489638 1.62561 0.57097 -0.243457 -2.18119
 -0.925265 0.281906 0.214903 -1.00022 -0.32653
 -0.599404 -1.82325 -0.552458 -0.415126 -0.776949
 -0.221508 0.644362 -0.34167 -0.418656 -0.826769
 2.02418 -1.49529 0.7 -1.29658 -2.26528
 0.792141 0.430767 -2.44664 0.569024 -0.631729
 0.296535 0.00328721 0.779663 0.726355 -0.505295
 0.465355 0.465175 -2.46236 -2.33098 -0.399812
 -1.85831 -0.799053 -1.16608 -1.63483 1.32608

 -2.60505 0.646923 -0.205313 -0.764724 0.952119
 -0.310639 -0.175368 -3.01159 0.767545 -2.40925
 0.270771 -1.16184 0.433792 0.564821 -0.445087
 -1.53037 -0.0387148 -0.54287 1.14727 -0.963118
 -0.740148 -1.03351 -0.784469 0.930407 -0.0963032
 -0.100511 -1.06429 -1.27217 -0.65042 1.10655
 0.121229 0.702871 1.47826 -0.612008 0.880599
 0.342538 -0.974865 1.58308 -1.38374 -1.77225
 1.10614 1.79018 -0.624182 -1.87793 -1.34027
 -0.932912 -1.25781 -1.00595 -0.30222 0.418356
 -1.78681 -0.227934 -0.770127 0.387301 -0.722522
 0.325868 -1.23968 -0.349457 0.117424 1.58017
 0.719853 -0.116891 -0.117736 0.762442 0.192637
 0.473522 1.26426 0.438018 0.288695 0.526156
 0.195243 -0.520407 0.329744 0.317604 0.736984
 -1.49529 1.13436 -0.495255 0.775706 1.64369
 -0.619871 -0.233991 1.8379 -0.430456 0.458923
 -0.22516 -0.0769113 -0.622397 -0.554292 0.424567
 -0.350537 -0.214439 1.94419 1.71634 0.14554
 1.24252 0.565683 0.823354 1.21567 -0.983256

 1.3572 -0.29896 -0.0869378 0.492394 -0.844926
 -0.0494131 0.22388 1.4016 -0.430496 1.5177
 -0.511724 0.970106 -0.39542 -0.129062 0.374828
 0.233011 -0.144594 -0.0186056 -0.940567 0.473656
 0.371712 0.850396 0.865583 -0.723257 0.292352
 -0.392264 0.697548 0.951584 -0.0604412 -1.05207
 0.781202 -0.834612 -0.5322 0.878503 -0.359558
 -0.371754 0.730833 -0.475169 1.178 1.47284
 -0.707143 -1.1773 0.0514753 1.03014 0.621376
 0.776476 0.262818 0.339905 0.2687 -0.649198
 1.05415 -0.615458 0.13881 0.300436 0.254502
 -0.281215 0.618286 0.542966 -0.424016 -1.08862
 -0.489533 0.486829 0.356547 -0.281139 0.14849
 -0.128298 -0.835252 -0.0633005 -0.242697 -0.365194
 -0.152612 0.205475 0.165354 -0.0459595 -0.145924
 0.7 -0.495255 0.579768 -1.12563 -1.3058
 0.305695 0.596599 -0.849804 0.548471 -0.0852881
 0.136304 -0.196746 0.216919 0.571099 -0.375087
 0.293802 0.412551 -0.938029 -1.09443 -0.524608
 -1.14319 -0.515752 -0.527135 -0.826246 0.674901

 -1.89841 0.536392 0.252158 -0.74379 1.66409
 -0.121472 -0.352101 -2.10772 0.907883 -2.80432
 1.36094 -2.1433 0.90568 0.0116459 -0.791534
 0.280643 0.41182 0.101808 2.49094 -0.552797
 -0.82867 -1.8571 -1.77566 1.27106 -0.477594
 1.16847 -1.19125 -1.69379 0.313307 1.921
 -2.44009 2.04631 0.841787 -2.29957 0.551216
 0.749297 -1.48305 0.588148 -2.3068 -2.97098
 1.47248 2.42072 0.0805278 -1.87288 -1.00819
 -1.77426 -0.229438 -1.02647 -0.335789 1.50769
 -1.60846 1.65155 -0.163837 -0.939859 -0.617556
 0.698995 -0.941329 -1.35935 1.10098 2.1634
 0.702396 -1.38803 -0.827393 0.39761 -0.0674173
 0.121601 1.93082 -0.0300348 0.510446 0.949236
 0.13735 -0.215408 -0.704064 -0.00632068 -0.313046
 -1.29658 0.775706 -1.12563 2.98397 2.53553
 -0.385527 -1.47937 1.45035 -0.984835 0.267034
 -0.169304 0.775466 -0.277366 -0.947141 0.444604
 -0.422201 -1.33464 1.16797 2.06237 1.63949
 2.67774 1.04064 1.19875 1.5295 -1.19686

 -4.11477 0.982702 -0.009376 -1.34872 2.10731
 -0.184867 -0.450978 -4.50241 1.27838 -4.3028
 1.10435 -2.50619 1.00087 0.592196 -0.957038
 -1.45827 0.210294 -0.397332 2.471 -1.46575
 -1.14887 -2.1931 -2.00098 1.86611 -0.540467
 0.630277 -1.94666 -2.49954 -0.390653 2.52597
 -1.31486 1.94654 1.98122 -1.9836 1.24481
 0.892896 -1.93716 1.92134 -2.96511 -3.75247
 1.99314 3.3146 -0.546592 -3.08314 -1.99385
 -2.00375 -1.35198 -1.39472 -0.636478 1.40285
 -3.03676 0.900867 -0.794006 -0.233949 -0.965134
 0.732561 -1.91519 -1.20021 0.819085 2.97559
 1.30611 -0.961855 -0.692606 1.01353 -0.0886086
 0.554554 2.35856 0.409362 0.600695 1.04565
 0.378996 -0.715659 -0.0862125 0.288294 0.722889
 -2.26528 1.64369 -1.3058 2.53553 3.37935
 -0.935559 -1.1822 2.76201 -1.21449 0.522651
 -0.362007 0.32901 -0.841273 -1.34486 0.891123
 -0.701095 -0.89295 2.92526 3.0977 1.0346
 2.8515 1.26677 1.5262 2.27937 -1.82433

 1.51762 -0.349641 0.0942528 0.456031 -0.555505
 0.104108 0.117416 1.68211 -0.388911 1.34618
 -0.142797 0.629657 -0.233704 -0.312356 0.252431
 0.863067 0.0223084 0.257149 -0.534083 0.56712
 0.358884 0.548854 0.455088 -0.55312 0.0981585
 0.0584097 0.618613 0.743854 0.327264 -0.673293
 -0.0968814 -0.365076 -0.789847 0.313529 -0.477386
 -0.213399 0.535917 -0.838584 0.791015 0.996915
 -0.580193 -0.967784 0.326518 1.02101 0.732828
 0.486745 0.665979 0.455753 0.214527 -0.247009
 1.04536 0.0905549 0.393534 -0.197071 0.339122
 -0.162402 0.695283 0.18576 -0.0717865 -0.871489
 -0.438787 0.0534418 0.0764437 -0.411289 -0.0257486
 -0.263436 -0.640587 -0.234169 -0.161658 -0.254304
 -0.140186 0.305911 -0.189675 -0.158659 -0.465713
 0.792141 -0.619871 0.305695 -0.385527 -0.935559
 0.362793 0.137782 -0.997115 0.296148 -0.211962
 0.131888 0.0660709 0.35087 0.356686 -0.299959
 0.217461 0.0577416 -1.1411 -0.949417 -0.028088
 -0.644687 -0.32185 -0.424474 -0.692271 0.561485

 0.709772 -0.173069 -0.201023 0.332626 -0.805141
 -0.0825636 0.212772 0.687562 -0.348328 1.17481
 -0.695817 0.981802 -0.421643 0.0811735 0.368875
 -0.407222 -0.243345 -0.212234 -1.08916 0.193571
 0.295618 0.850169 0.907019 -0.603591 0.314184
 -0.667018 0.517204 0.787487 -0.340403 -0.978443
 1.34676 -1.00364 -0.173099 1.14274 -0.145345
 -0.379032 0.666159 -0.0238118 1.10323 1.39667
 -0.610071 -1.01678 -0.182204 0.716202 0.33163
 0.806059 -0.133095 0.254717 0.193124 -0.79088
 0.66685 -1.00925 -0.0862191 0.621668 0.153809
 -0.31224 0.333971 0.69284 -0.602704 -0.940575
 -0.329743 0.735021 0.465709 -0.0833078 0.169586
 0.0209076 -0.797796 0.10089 -0.241321 -0.388336
 -0.0844589 0.045085 0.436056 0.066375 0.234784
 0.430767 -0.233991 0.596599 -1.47937 -1.1822
 0.137782 0.804336 -0.471337 0.547555 -0.00274474
 0.0778597 -0.405784 0.0385868 0.507922 -0.259777
 0.224403 0.646397 -0.401276 -0.864428 -0.840066
 -1.24941 -0.506502 -0.485236 -0.666881 0.533436

 -4.23594 1.06905 -0.305518 -1.24526 1.622
 -0.519828 -0.271956 -4.898 1.26763 -3.99994
 0.542221 -1.99696 0.757864 0.876795 -0.76414
 -2.39584 -0.0396254 -0.867244 1.99205 -1.55035
 -1.21374 -1.75754 -1.35578 1.55318 -0.177958
 -0.0656437 -1.76921 -2.11456 -1.01826 1.86004
 0.00373836 1.25425 2.40803 -1.14222 1.43833
 0.60833 -1.64493 2.53727 -2.33411 -2.99329
 1.8486 3.00582 -0.983415 -3.09295 -2.17343
 -1.59995 -2.00404 -1.69858 -0.491997 0.768809
 -2.92393 -0.244198 -1.22933 0.548456 -1.18412
 0.575743 -2.01704 -0.652093 0.260793 2.64544
 1.17028 -0.297353 -0.242156 1.22602 0.305793
 0.768046 2.13325 0.689561 0.486513 0.915981
 0.305768 -0.838279 0.454579 0.49001 1.13656
 -2.44664 1.8379 -0.849804 1.45035 2.76201
 -0.997115 -0.471337 3.00928 -0.740071 0.768884
 -0.35248 -0.0490302 -1.01961 -0.935892 0.684126
 -0.566277 -0.432877 3.1354 2.86242 0.344402
 2.15017 0.955694 1.40129 2.03776 -1.62788

 1.39367 -0.276134 -0.11052 0.493168 -0.823974
 -0.137439 0.174382 1.29159 -0.273382 1.41964
 -0.502839 0.884276 -0.368243 -0.087765 0.373707
 0.252939 -0.110082 -0.0665016 -0.626492 0.474357
 0.171175 0.689434 0.747426 -0.724882 0.332489
 -0.375234 0.71294 0.927332 -0.0763127 -1.025
 0.710846 -0.709034 -0.46373 0.812428 -0.298492
 -0.428164 0.637166 -0.308122 1.07674 1.33218
 -0.527693 -1.06819 0.0375821 0.864947 0.529322
 0.637342 0.214566 0.205786 0.336529 -0.634889
 1.07172 -0.650222 0.0810437 0.29216 0.0985157
 -0.226249 0.554006 0.492661 -0.425692 -0.98907
 -0.493927 0.474138 0.321187 -0.222325 0.305262
 -0.13684 -0.642747 -0.0368218 -0.209092 -0.299091
 -0.202238 0.257976 0.167688 0.0348361 -0.240424
 0.569024 -0.430456 0.548471 -0.984835 -1.21449
 0.296148 0.547555 -0.740071 0.627752 -0.0501766
 0.0964264 -0.189422 0.282192 0.581053 -0.463275
 0.234542 0.23353 -0.988714 -0.989961 -0.356143
 -0.917569 -0.466077 -0.450758 -0.810137 0.61464

 -0.930256 0.286371 -0.131789 -0.229063 0.289463
 -0.269664 0.0246479 -1.18227 0.310229 -0.890022
 0.0901005 -0.432368 0.164711 0.222858 -0.160884
 -0.678583 -0.0537738 -0.333147 0.500308 -0.324591
 -0.313846 -0.359104 -0.179103 0.27766 0.068221
 -0.0938437 -0.371279 -0.389184 -0.381575 0.252475
 0.121533 0.223972 0.676368 -0.212031 0.378931
 0.104966 -0.345436 0.699455 -0.412437 -0.561818
 0.430862 0.706899 -0.320788 -0.733008 -0.528897
 -0.347759 -0.60407 -0.603429 -0.0447191 0.0871908
 -0.606155 -0.24451 -0.391239 0.260154 -0.364618
 0.142766 -0.464587 -0.0935803 -0.0141547 0.58176
 0.193623 -0.0178826 0.0269983 0.319226 0.212775
 0.226863 0.531459 0.206743 0.0925582 0.260238
 0.0199693 -0.208095 0.152055 0.136112 0.262274
 -0.631729 0.458923 -0.0852881 0.267034 0.522651
 -0.211962 -0.00274474 0.768884 -0.0501766 0.294899
 -0.0487653 -0.00658266 -0.291972 -0.0942427 0.0520677
 -0.0543869 -0.0940952 0.690205 0.643915 0.0334364
 0.442402 0.15779 0.366805 0.442436 -0.321557

 0.508436 -0.112369 0.0285617 0.168937 -0.20376
 0.0274721 0.0857996 0.590939 -0.180725 0.482504
 -0.0436364 0.233677 -0.0825748 -0.124081 0.0842876
 0.26457 -0.0142186 0.0698557 -0.264946 0.198889
 0.186142 0.24177 0.215425 -0.200713 0.0418775
 0.010123 0.203116 0.276686 0.0831072 -0.272448
 -0.00527016 -0.168283 -0.258345 0.121832 -0.166894
 -0.0503787 0.212974 -0.319004 0.321871 0.402029
 -0.249841 -0.347195 0.0957236 0.391713 0.276218
 0.2077 0.214183 0.137535 0.0666661 -0.0996662
 0.357996 0.0155708 0.131642 -0.0414536 0.148547
 -0.0634312 0.256443 0.0809403 -0.0332419 -0.32727
 -0.165907 0.0177052 0.0489711 -0.153431 -0.032847
 -0.0730116 -0.26417 -0.0815157 -0.0715136 -0.085964
 -0.044169 0.0828511 -0.0675267 -0.0819794 -0.131341
 0.296535 -0.22516 0.136304 -0.169304 -0.362007
 0.131888 0.0778597 -0.35248 0.0964264 -0.0487653
 0.0712361 0.0327562 0.0772208 0.137194 -0.0993404
 0.114503 0.0730575 -0.380127 -0.346685 -0.0663344
 -0.292623 -0.138161 -0.147644 -0.233591 0.220006

 0.145772 0.00146498 0.135552 -0.00401974 0.261025
 0.0102357 -0.0243023 0.191377 0.0565815 -0.21832
 0.391055 -0.378028 0.180549 -0.174235 -0.140327
 0.526811 0.13478 0.163634 0.48367 0.119075
 -0.0338622 -0.287829 -0.30843 0.133161 -0.104808
 0.417305 -0.0827193 -0.164247 0.260255 0.264823
 -0.855995 0.462451 -0.126308 -0.604632 -0.0743461
 0.161217 -0.192215 -0.278645 -0.320936 -0.428698
 0.142353 0.292864 0.189009 -0.0542386 0.0668419
 -0.306585 0.263397 -0.113837 -0.0139372 0.373613
 0.00672179 0.59869 0.150282 -0.404086 0.00141219
 0.140771 0.0665649 -0.34597 0.331989 0.250683
 -0.00426041 -0.441851 -0.217391 -0.0947918 -0.0608814
 -0.082291 0.272245 -0.134656 0.0785069 0.182769
 -0.0212508 0.0663463 -0.339028 -0.112121 -0.324109
 0.00328721 -0.0769113 -0.196746 0.775466 0.32901
 0.0660709 -0.405784 -0.0490302 -0.189422 -0.00658266
 0.0327562 0.306374 0.0560104 -0.115983 0.00417281
 0.00543756 -0.371068 -0.191293 0.172038 0.488982
 0.501442 0.160585 0.174429 0.153976 -0.0856119

 1.58276 -0.383168 0.124244 0.429393 -0.514125
 0.149493 0.00454785 1.71723 -0.305327 1.32734
 -0.137549 0.593481 -0.229758 -0.298347 0.253306
 0.993822 0.0832744 0.341951 -0.371572 0.574079
 0.244811 0.437531 0.302627 -0.525503 0.0618348
 0.105587 0.646045 0.693768 0.437127 -0.558148
 -0.203614 -0.258549 -0.867753 0.262537 -0.495658
 -0.255743 0.476807 -0.830229 0.673393 0.85773
 -0.483295 -0.962257 0.397282 0.965337 0.709426
 0.405913 0.752981 0.54955 0.214162 -0.189912
 1.06448 0.181606 0.436054 -0.29787 0.303908
 -0.149669 0.68088 0.13369 -0.0297673 -0.823329
 -0.403671 0.0354563 0.00811929 -0.409105 -0.00150626
 -0.31359 -0.56649 -0.255223 -0.118608 -0.272259
 -0.142188 0.368015 -0.207758 -0.117292 -0.542602
 0.779663 -0.622397 0.216919 -0.277366 -0.841273
 0.35087 0.0385868 -1.01961 0.282192 -0.291972
 0.0772208 0.0560104 0.469654 0.310394 -0.294112
 0.120442 -0.0649938 -1.19735 -0.926497 0.113791
 -0.485605 -0.257548 -0.437592 -0.707152 0.50547

 1.61518 -0.333485 -0.0564289 0.546761 -0.864863
 -0.113112 0.191612 1.61903 -0.405362 1.62108
 -0.44925 0.936816 -0.383128 -0.1696 0.360171
 0.450216 -0.0912757 0.0421961 -0.761907 0.606325
 0.306248 0.819517 0.846717 -0.771803 0.33283
 -0.319609 0.796225 1.01974 0.022156 -1.09026
 0.572087 -0.738143 -0.620529 0.746437 -0.429949
 -0.409669 0.732561 -0.566561 1.19406 1.46878
 -0.687853 -1.19783 0.117465 1.08717 0.668895
 0.72097 0.343749 0.291767 0.30485 -0.584338
 1.22704 -0.525624 0.157877 0.200808 0.206718
 -0.263517 0.707305 0.492813 -0.357322 -1.08872
 -0.558249 0.414119 0.345538 -0.321248 0.248172
 -0.164896 -0.77002 -0.0949375 -0.200552 -0.344091
 -0.199231 0.267078 0.0982155 -0.054222 -0.308874
 0.726355 -0.554292 0.571099 -0.947141 -1.34486
 0.356686 0.507922 -0.935892 0.581053 -0.0942427
 0.137194 -0.115983 0.310394 0.664823 -0.442868
 0.308635 0.266859 -1.13366 -1.17739 -0.357086
 -1.03216 -0.50476 -0.526403 -0.897937 0.712635

 -1.33066 0.247179 0.025124 -0.438185 0.58938
 0.113605 -0.136019 -1.25344 0.197501 -1.14098
 0.236021 -0.57821 0.228671 0.173284 -0.261359
 -0.524365 0.0203166 -0.0295191 0.268526 -0.483747
 -0.117667 -0.438121 -0.476924 0.574575 -0.235776
 0.100256 -0.590712 -0.73284 -0.0801681 0.760996
 -0.158325 0.367003 0.486088 -0.394433 0.301132
 0.299014 -0.4537 0.416151 -0.771038 -0.93788
 0.373858 0.789328 -0.141587 -0.728689 -0.506204
 -0.389198 -0.344673 -0.123894 -0.30088 0.363226
 -0.960185 0.247721 -0.15963 -0.0325651 -0.0812467
 0.119328 -0.524656 -0.242732 0.199403 0.742867
 0.44081 -0.179392 -0.155421 0.247915 -0.244287
 0.173886 0.411247 0.109183 0.144673 0.163247
 0.19527 -0.277538 0.0395861 0.0222834 0.40304
 -0.505295 0.424567 -0.375087 0.444604 0.891123
 -0.299959 -0.259777 0.684126 -0.463275 0.0520677
 -0.0993404 0.00417281 -0.294112 -0.442868 0.419716
 -0.200307 0.0129746 0.998683 0.776957 0.0319974
 0.522264 0.322444 0.30208 0.637309 -0.494401

 0.867546 -0.183733 0.00548201 0.300842 -0.420132
 -0.00865334 0.153712 0.960069 -0.296181 0.866759
 -0.154948 0.465477 -0.175557 -0.161931 0.169641
 0.334004 -0.0502433 0.0596136 -0.486931 0.338528
 0.284675 0.463508 0.458904 -0.388953 0.130266
 -0.0809159 0.384876 0.526628 0.0595471 -0.556196
 0.159296 -0.369551 -0.384934 0.311042 -0.266922
 -0.139615 0.402477 -0.453668 0.63236 0.781512
 -0.439317 -0.628878 0.102553 0.661421 0.433624
 0.398402 0.267073 0.185468 0.136852 -0.252613
 0.638594 -0.132949 0.15439 0.0340435 0.203563
 -0.132564 0.425367 0.211683 -0.12588 -0.593721
 -0.303592 0.122315 0.150566 -0.226715 0.0193895
 -0.102079 -0.461993 -0.0971939 -0.129036 -0.165236
 -0.0865918 0.127016 -0.0345303 -0.102655 -0.184071
 0.465355 -0.350537 0.293802 -0.422201 -0.701095
 0.217461 0.224403 -0.566277 0.234542 -0.0543869
 0.114503 0.00543756 0.120442 0.308635 -0.200307
 0.212732 0.167783 -0.625381 -0.632761 -0.187049
 -0.578167 -0.270858 -0.271228 -0.444752 0.401583

 0.278731 -0.145184 -0.104789 0.169757 -0.554953
 0.13264 0.167874 0.490334 -0.448394 0.889598
 -0.551917 0.820466 -0.345797 0.0464412 0.260347
 -0.421803 -0.224225 -0.0644208 -1.2744 0.0479887
 0.474851 0.807795 0.736505 -0.35891 0.116739
 -0.540338 0.291899 0.514034 -0.212217 -0.63011
 1.17125 -0.912312 -0.192397 0.975788 -0.149445
 -0.184286 0.568986 -0.174503 0.8469 1.11705
 -0.651519 -0.864817 -0.11514 0.666561 0.310083
 0.768546 -0.0472217 0.470973 -0.00747889 -0.583398
 0.330802 -0.697485 0.0209386 0.471789 0.345155
 -0.309629 0.251375 0.586133 -0.454681 -0.766982
 -0.14957 0.600356 0.366449 -0.109247 -0.15531
 0.0453461 -0.859413 0.0592832 -0.206023 -0.408702
 0.0420644 -0.064224 0.360078 -0.0388807 0.403786
 0.465175 -0.214439 0.412551 -1.33464 -0.89295
 0.0577416 0.646397 -0.432877 0.23353 -0.0940952
 0.0730575 -0.371068 -0.0649938 0.266859 0.0129746
 0.167783 0.771406 -0.0732228 -0.698038 -0.899312
 -1.20635 -0.400602 -0.471974 -0.449234 0.397905

 -4.8793 1.1184 -0.293114 -1.44519 1.76178
 -0.303721 -0.307615 -5.31769 1.13846 -4.25552
 0.474411 -1.98018 0.744948 0.96285 -0.813399
 -2.78025 -0.103258 -0.823988 1.5218 -1.80668
 -1.00896 -1.65138 -1.35427 1.76579 -0.327983
 -0.183288 -1.99818 -2.35259 -1.06301 2.10671
 0.325305 1.09385 2.51113 -0.988376 1.49626
 0.736038 -1.65538 2.57681 -2.45263 -3.08632
 1.73479 3.05676 -1.05182 -3.16163 -2.28148
 -1.4789 -2.12021 -1.43516 -0.714772 0.78313
 -3.35273 -0.269213 -1.23384 0.645909 -0.996787
 0.497216 -2.17956 -0.570669 0.234341 2.73282
 1.38914 -0.187624 -0.213945 1.27856 -0.00964913
 0.85637 1.94065 0.737753 0.484383 0.800944
 0.469396 -1.02365 0.588053 0.446719 1.53806
 -2.46236 1.94419 -0.938029 1.16797 2.92526
 -1.1411 -0.401276 3.1354 -0.988714 0.690205
 -0.380127 -0.191293 -1.19735 -1.13366 0.998683
 -0.625381 -0.0732228 3.67804 2.98388 -0.0154686
 1.91924 0.990713 1.33538 2.21626 -1.74691

 -4.14257 1.02204 -0.141382 -1.28543 1.88809
 -0.333154 -0.34645 -4.65648 1.27229 -4.15809
 0.865936 -2.28219 0.898954 0.700318 -0.863886
 -1.85426 0.0942004 -0.621184 2.26514 -1.5013
 -1.16767 -2.00663 -1.71932 1.71628 -0.383113
 0.341074 -1.87099 -2.31623 -0.671082 2.21324
 -0.750832 1.64322 2.1669 -1.61153 1.3376
 0.776004 -1.80829 2.18602 -2.67849 -3.40417
 1.93134 3.17632 -0.735964 -3.07965 -2.05141
 -1.82772 -1.62145 -1.54447 -0.55277 1.11436
 -2.97405 0.404058 -0.971518 0.106886 -1.05682
 0.674986 -1.95323 -0.967074 0.566985 2.81327
 1.23253 -0.683628 -0.506053 1.09864 0.0796553
 0.643386 2.25682 0.525895 0.53305 1.00384
 0.336013 -0.759096 0.131142 0.372744 0.887639
 -2.33098 1.71634 -1.09443 2.06237 3.0977
 -0.949417 -0.864428 2.86242 -0.989961 0.643915
 -0.346685 0.172038 -0.926497 -1.17739 0.776957
 -0.632761 -0.698038 2.98388 3.00281 0.737833
 2.54346 1.12124 1.48347 2.17532 -1.72868

 -0.203253 0.117553 0.18853 -0.1824 0.675252
 -0.0532812 -0.204485 -0.337195 0.43766 -0.941458
 0.714281 -0.954134 0.411844 -0.136482 -0.313705
 0.702064 0.292236 0.194473 1.40069 -0.00110345
 -0.44462 -0.909924 -0.891436 0.429802 -0.206017
 0.737098 -0.324928 -0.59616 0.38601 0.786139
 -1.55091 1.09755 0.0641833 -1.21623 0.0834142
 0.262424 -0.635399 -0.0199114 -0.994132 -1.29683
 0.673145 0.935628 0.239286 -0.636232 -0.241844
 -0.870761 0.234426 -0.400492 -0.0260963 0.757872
 -0.329871 1.0155 0.101063 -0.690411 -0.281347
 0.351905 -0.201129 -0.735032 0.611743 0.842125
 0.168263 -0.791179 -0.481981 0.0396564 0.0548146
 -0.104642 0.91179 -0.140577 0.2358 0.44681
 -0.0293778 0.100619 -0.518784 -0.02629 -0.5338
 -0.399812 0.14554 -0.524608 1.63949 1.0346
 -0.028088 -0.840066 0.344402 -0.356143 0.0334364
 -0.0663344 0.488982 0.113791 -0.357086 0.0319974
 -0.187049 -0.899312 -0.0154686 0.737833 1.09175
 1.38528 0.475533 0.503419 0.501235 -0.433112

 -2.83808 0.758158 0.0601075 -0.985278 1.77005
 -0.279657 -0.415227 -3.30544 1.2055 -3.46175
 1.13184 -2.2591 0.914494 0.360211 -0.81818
 -0.634296 0.307937 -0.240231 2.6525 -0.964874
 -1.16061 -2.05441 -1.85217 1.46118 -0.401806
 0.805762 -1.46002 -1.98372 -0.119869 2.07673
 -1.73801 1.96812 1.46431 -2.03503 0.93749
 0.695024 -1.69822 1.43215 -2.55292 -3.2752
 1.82404 2.82285 -0.283503 -2.53623 -1.54808
 -1.90832 -0.87636 -1.33699 -0.377694 1.34152
 -2.18151 1.06468 -0.566398 -0.48841 -0.944663
 0.7243 -1.43708 -1.21885 0.860949 2.52493
 0.936003 -1.07025 -0.712158 0.75658 0.135802
 0.336264 2.22917 0.237743 0.555612 1.01037
 0.185835 -0.403774 -0.320212 0.238036 0.134473
 -1.85831 1.24252 -1.14319 2.67774 2.8515
 -0.644687 -1.24941 2.15017 -0.917569 0.442402
 -0.292623 0.501442 -0.485605 -1.03216 0.522264
 -0.578167 -1.20635 1.91924 2.54346 1.38528
 2.80367 1.12073 1.36914 1.80755 -1.48147

 -1.41318 0.336 0.0271125 -0.484985 0.794399
 -0.0457291 -0.194984 -1.54415 0.478081 -1.55359
 0.451498 -0.950889 0.381878 0.186329 -0.359428
 -0.394938 0.111864 -0.0884598 0.981481 -0.496286
 -0.436841 -0.844355 -0.790939 0.688411 -0.219815
 0.300838 -0.691771 -0.921128 -0.0644065 0.96476
 -0.627698 0.785155 0.654062 -0.807675 0.418082
 0.329866 -0.726318 0.629958 -1.12684 -1.42521
 0.74416 1.21429 -0.143018 -1.10537 -0.697522
 -0.774074 -0.410535 -0.477362 -0.229504 0.570061
 -1.066 0.439197 -0.242639 -0.174604 -0.346068
 0.281239 -0.667018 -0.490152 0.354007 1.10074
 0.471173 -0.413471 -0.295187 0.341917 -0.0409237
 0.167276 0.888657 0.11797 0.23489 0.389583
 0.132167 -0.2282 -0.0880482 0.0939574 0.185011
 -0.799053 0.565683 -0.515752 1.04064 1.26677
 -0.32185 -0.506502 0.955694 -0.466077 0.15779
 -0.138161 0.160585 -0.257548 -0.50476 0.322444
 -0.270858 -0.400602 0.990713 1.12124 0.475533
 1.12073 0.490149 0.558253 0.821863 -0.670794

 -1.89185 0.508275 -0.0635089 -0.58326 0.932237
 -0.24672 -0.140974 -2.19954 0.659617 -2.03874
 0.507596 -1.19437 0.478205 0.301982 -0.443261
 -0.784495 0.0695539 -0.320693 1.29718 -0.659725
 -0.620891 -1.04315 -0.858418 0.812019 -0.148801
 0.245922 -0.888459 -1.10291 -0.318259 1.04498
 -0.559669 0.906581 1.06336 -0.92924 0.645137
 0.384174 -0.913458 1.04374 -1.32052 -1.70352
 0.992934 1.62027 -0.344405 -1.51748 -0.987823
 -0.972336 -0.774761 -0.896208 -0.220049 0.595727
 -1.37121 0.265796 -0.483873 -0.00178861 -0.578033
 0.374506 -0.918516 -0.540641 0.330507 1.41363
 0.545172 -0.429642 -0.267196 0.523954 0.12257
 0.30269 1.20832 0.23907 0.273754 0.564995
 0.120277 -0.33891 -0.010294 0.171974 0.307317
 -1.16608 0.823354 -0.527135 1.19875 1.5262
 -0.424474 -0.485236 1.40129 -0.450758 0.366805
 -0.147644 0.174429 -0.437592 -0.526403 0.30208
 -0.271228 -0.471974 1.33538 1.48347 0.503419
 1.36914 0.558253 0.789192 1.0635 -0.829359

 -3.06902 0.738466 -0.0660434 -0.956497 1.42175
 -0.181341 -0.240533 -3.34908 0.851504 -3.03726
 0.680521 -1.67974 0.668396 0.471849 -0.657333
 -1.31271 0.0693859 -0.395471 1.53724 -1.0971
 -0.747416 -1.42131 -1.25342 1.29369 -0.328374
 0.292381 -1.40159 -1.72252 -0.440396 1.66695
 -0.613246 1.195 1.53484 -1.2207 0.941035
 0.627191 -1.30701 1.47775 -1.96696 -2.49087
 1.33903 2.30813 -0.502237 -2.18301 -1.45022
 -1.30345 -1.12487 -1.05044 -0.460142 0.867455
 -2.20948 0.398822 -0.657017 0.0253408 -0.679676
 0.481618 -1.39794 -0.724876 0.460521 2.05133
 0.92045 -0.546079 -0.383235 0.762318 -0.0499218
 0.472159 1.57624 0.355861 0.389875 0.71487
 0.277062 -0.581973 0.0555135 0.213283 0.680795
 -1.63483 1.21567 -0.826246 1.5295 2.27937
 -0.692271 -0.666881 2.03776 -0.810137 0.442436
 -0.233591 0.153976 -0.707152 -0.897937 0.637309
 -0.444752 -0.449234 2.21626 2.17532 0.501235
 1.80755 0.821863 1.0635 1.61783 -1.258

 2.41355 -0.573495 0.0595925 0.769534 -1.1166
 0.139957 0.246847 2.67652 -0.730677 2.40638
 -0.498941 1.31885 -0.515714 -0.408811 0.50511
 1.03808 -0.0727228 0.302914 -1.28717 0.877811
 0.672214 1.16813 1.03857 -1.02164 0.256458
 -0.20817 1.08518 1.37202 0.333566 -1.3444
 0.451674 -0.963084 -1.20763 0.935828 -0.752686
 -0.449877 1.05345 -1.23161 1.58944 2.00867
 -1.1134 -1.81905 0.392421 1.77357 1.18433
 1.05755 0.894531 0.80297 0.351844 -0.673412
 1.7398 -0.283304 0.530687 -0.0206527 0.582379
 -0.378776 1.13093 0.566555 -0.348345 -1.63643
 -0.744109 0.39438 0.312272 -0.626338 -0.004306
 -0.357924 -1.28443 -0.293315 -0.324282 -0.549203
 -0.214084 0.435261 -0.0756148 -0.213548 -0.524074
 1.32608 -0.983256 0.674901 -1.19686 -1.82433
 0.561485 0.533436 -1.62788 0.61464 -0.321557
 0.220006 -0.0856119 0.50547 0.712635 -0.494401
 0.401583 0.397905 -1.74691 -1.72868 -0.433112
 -1.48147 -0.670794 -0.829359 -1.258 1.02026


END
