assets 7  factors 3

asset_returns 
 0.43528208
 0.17021754
 0.10371839
 0.2674979
 0.34092074
 0.25113579
 0.25357002

asset_upper_bounds 0.82 0.44 0.5 0.3 0.1 0.1 0.1

asset_residual_variances 
             0.024404460000000
             0.108806890000000
             0.081044180000000
             0.064371880000000
             0.023255660000000
             0.023582530000000
             0.048338750000000

V
    0.003903    0.097622    0.067537   
    0.157794   -0.267979    0.168119   
   -0.021229    0.231004   -0.092411   
    0.040002    0.252975    0.076403   
    0.023903   -0.099570   -0.022898   
   -0.056195    0.149580    0.097141   
   -0.103511    0.239941   -0.160030   

F
15.314 -0.382 0.389
-0.382 0.254 0.027 
0.389 0.027 0.472 

END

